212
-6.004992 4.4944619999999995 2.1253379999999997
-3.04928 -6.832562 2.213611
-1.9187200000000002 -7.299595 1.806196
-1.908375 7.239018999999999 2.1913
-7.131118 -2.496251 0.0009609999999999999
-1.402949 -7.420787 0.0009609999999999999
-0.288645 -7.550846999999999 0.0009609999999999999
-6.894661 -3.07413 1.7867950000000001
2.693668 5.134415 9.909871
2.693668 -5.134395 9.909871
5.681892 4.970362 1.788736
4.771533 -3.292867 9.909871
4.771533 3.292887 9.909871
7.501133 0.8912150000000001 0.0009609999999999999
7.501133 -0.891195 0.0009609999999999999
5.902093 -4.701355 1.777095
5.902093 4.707287 0.0009609999999999999
0.001014 5.798015 9.909871
0.001014 -5.7979959999999995 9.909871
-7.5257060000000005 0.554242 1.775155
3.844918 -4.340735 9.909871
3.844918 4.340755000000001 9.909871
4.339999 3.8441629999999996 9.909871
4.339999 -3.844143 9.909871
7.295711000000001 1.9523840000000001 0.0009609999999999999
7.5218229999999995 0.579367 1.7819450000000001
-1.135457 7.3897699999999995 2.2194309999999997
-2.056161 5.421137 9.909871
-2.056161 -5.421118 9.909871
-7.547872999999999 0.283777 0.0009609999999999999
-4.339448 3.8441629999999996 9.909871
-4.339448 -3.844143 9.909871
5.2710479999999995 -5.335397 2.1292180000000003
-1.114767 -7.4621699999999995 1.775155
3.2301290000000003 6.742426999999999 2.218461
-7.274469999999999 -2.0188729999999997 1.780975
-5.901542 4.7058089999999995 0.0009609999999999999
6.658754999999999 3.5530060000000003 1.8032860000000002
-2.224637 -7.213874000000001 0.0009609999999999999
-6.359677 -4.0673140000000005 1.7935860000000001
6.426732 -3.960901 1.7916459999999998
-4.9764040000000005 5.676823000000001 1.788736
-7.027667999999999 2.747523 1.775155
-6.801556000000001 3.2751509999999997 0.0009609999999999999
7.147924999999999 -2.199183 2.208761
5.322773 5.286644 2.116608
-4.487234 6.078825999999999 0.0009609999999999999
-7.459201999999999 -1.136535 1.779035
-7.459201999999999 -0.62073 2.18742
6.237566 -4.252058 0.0009609999999999999
5.995198 -4.4870529999999995 2.18742
-4.493145 -5.996041 2.168989
-2.215769 -7.142932 2.2097309999999997
6.490279 -3.746598 2.1350379999999998
6.231655 4.253556 1.777095
7.405072 1.4646599999999999 1.7906760000000002
3.5286560000000002 6.677397 0.0009609999999999999
4.433104 -6.049248 2.1253379999999997
-7.422256000000001 1.3685930000000002 1.807166
-1.952711 7.295181 0.0009609999999999999
0.5507770000000001 7.525741 1.779035
-4.020231 -6.39361 0.0009609999999999999
6.737081 -3.2455730000000003 2.210701
6.9631929999999995 2.7416110000000002 2.18839
-4.671966 5.858612 2.1350379999999998
-3.757173 -6.541405999999999 1.7867950000000001
-5.329612 -5.280713 2.114667
-5.798092 -0.001468 9.909871
-7.397131999999999 1.1276869999999999 2.1932400000000003
4.953309 -5.694539 1.801346
7.214429 -2.2110060000000002 1.779035
-0.538403 7.459233 2.207791
-3.2842589999999996 6.792676999999999 1.779035
0.8286140000000001 -7.507986 -9e-06
-7.355752 -1.378919 2.212641
-7.1458960000000005 -2.206572 2.208761
2.012376 -7.2759480000000005 1.7906760000000002
-5.756712 0.697603 9.909871
-5.756712 -0.697584 9.909871
6.367617 3.94762 2.1709300000000002
7.481921 0.24682800000000002 2.199061
-5.283798 5.322115 2.124368
-6.656726 -3.570722 0.0009609999999999999
-5.7522780000000004 4.886119 1.801346
-6.393668 4.020039000000001 0.0009609999999999999
-1.386692 -5.629509 9.909871
-1.386692 5.629529 9.909871
-7.540484 -0.335485 1.806196
0.002492 -7.478427 2.208761
1.359164 -7.358713 2.206821
-2.9694760000000002 6.868053000000001 2.207791
-2.9694760000000002 -6.940452 1.7829149999999998
7.2971889999999995 -1.653818 2.1913
2.500069 7.055752 2.2009999999999996
-0.698011 -5.756613 9.909871
-0.698011 5.756633 9.909871
7.549902 -0.001468 0.0009609999999999999
5.72475 -4.926004 0.0009609999999999999
7.543991 -0.232029 1.8032860000000002
-0.876832 7.496182 1.802316
2.7572159999999997 7.027672 0.0009609999999999999
-4.074912 6.3552029999999995 1.7858260000000001
6.676488999999999 -3.5293400000000004 0.0009609999999999999
5.755785 0.697603 9.909871
5.755785 -0.697584 9.909871
-5.421239 2.055841 9.909871
-5.421239 -2.055821 9.909871
2.767561 -7.018784 1.779035
-3.844366 -4.340735 9.909871
-3.844366 4.340755000000001 9.909871
-4.705957000000001 -5.901452 0.0009609999999999999
5.307995 5.373843 0.0009609999999999999
0.284763 7.547911 0.0009609999999999999
-5.858684 -4.6717960000000005 2.1350379999999998
-0.851708 7.508006 0.0009609999999999999
3.988269 6.406932 1.806196
3.2936769999999997 4.772317 9.909871
3.2936769999999997 -4.772297 9.909871
3.745901 -6.489677 2.1350379999999998
0.321709 7.479925 2.1893599999999998
6.938070000000001 -2.970674 1.806196
-5.369514000000001 -5.313228 0.0009609999999999999
7.4331510000000005 -0.8719819999999999 2.203911
4.444927 6.108385 0.0009609999999999999
0.568511 -7.460691999999999 2.1913
5.133608 2.694316 9.909871
5.133608 -2.694297 9.909871
-6.695151000000001 3.483543 1.8091059999999999
-5.338479 5.341328 0.0009609999999999999
-3.755695 -6.470464 2.19227
4.013393 6.3404240000000005 2.1078770000000002
-3.2931259999999996 4.772317 9.909871
-3.2931259999999996 -4.772297 9.909871
-5.134534 2.694316 9.909871
-5.134534 -2.694297 9.909871
3.571514 -6.6492960000000005 1.805226
1.9562179999999998 7.295181 0.0009609999999999999
5.859235 4.671816 2.1350379999999998
4.2601949999999995 -6.226602 1.779035
2.435043 7.1459079999999995 1.7906760000000002
2.445388 -7.073467999999999 2.203911
-3.950772 6.364071 2.17287
4.523253 -6.050726 0.0009609999999999999
7.026741 -2.757849 0.0009609999999999999
-7.1281620000000006 2.496271 0.0009609999999999999
5.42179 2.055841 9.909871
5.42179 -2.055821 9.909871
-1.410338 -7.348367 2.213611
2.492679 -7.129630000000001 0.0009609999999999999
1.356208 7.425241000000001 1.800376
-0.01672 7.543477 1.7964959999999999
0.887728 -7.49764 1.7906760000000002
-2.536464 7.108959 1.797466
7.294233 -1.955321 0.0009609999999999999
1.124185 7.465145 0.0009609999999999999
2.055234 5.421137 9.909871
2.055234 -5.421118 9.909871
-5.697598 -4.949651 1.805226
-2.758142 7.027672 0.0009609999999999999
0.698562 -5.756613 9.909871
0.698562 5.756633 9.909871
-7.5286610000000005 -0.56309 0.0009609999999999999
7.105067 2.553911 1.7867950000000001
1.387243 -5.629509 9.909871
1.387243 5.629529 9.909871
6.394219 4.018561 0.0009609999999999999
-4.77246 -3.292867 9.909871
-4.77246 3.292887 9.909871
-2.694595 5.134415 9.909871
-2.694595 -5.134395 9.909871
3.216829 -6.746841000000001 2.224281
1.402022 7.349864999999999 2.211671
0.029094000000000002 -7.547891 1.771275
-6.35081 -3.972725 2.17481
7.146447 2.20068 2.210701
3.2700310000000004 6.800067 1.777095
7.3563030000000005 1.389285 2.2019710000000003
5.531151 -5.129961000000001 1.7858260000000001
-5.629617 1.387807 9.909871
-5.629617 -1.387787 9.909871
-7.46068 0.54833 2.2009999999999996
-7.482847 0.005922 2.19421
6.924769 3.022422 0.0009609999999999999
-6.077407 -4.484097 0.0009609999999999999
4.88385 5.756633 1.777095
-7.213878 2.20807 1.7819450000000001
5.798643 -0.001468 9.909871
1.6798589999999998 -7.360191 0.0009609999999999999
-6.751309 3.2322910000000005 2.18063
-7.2197890000000005 1.973076 2.19809
-6.967076 2.728309 2.19227
-6.740964000000001 -3.227837 2.225251
6.9558040000000005 -2.7504589999999998 2.208761
-3.5266279999999997 6.677397 0.0009609999999999999
3.531612 -6.678855 0.0009609999999999999
-5.125668 -5.537876 1.775155
4.662172 5.846788 2.208761
-7.425211 1.401108 0.0009609999999999999
-3.064059 -6.9049819999999995 0.0009609999999999999
6.750382000000001 3.2204669999999997 2.2097309999999997
7.428717999999999 -1.346404 1.779035
-0.550226 -7.5242439999999995 1.775155
-0.550226 -7.459214 2.204881
5.135085999999999 -5.533442 0.0009609999999999999
-6.962642 -2.743069 2.1913
-6.467561 3.7554860000000003 2.2019710000000003
-6.241449 4.240254 1.779035
-1.686697 7.354299 1.775155
-4.432553 -6.111322 1.7858260000000001
-7.420777000000001 -1.401089 0.0009609999999999999
5.630167 1.387807 9.909871
5.630167 -1.387787 9.909871
