520
-4.686272 4.149678 -3.4304870000000003
-0.176064 5.34385 42.877010999999996
3.086976 -3.5177680000000002 4.019146
-0.020736 -4.250409 2.490895
-0.30758399999999997 1.195447 -4.867714
-1.857472 -4.642011 42.225467
-0.454976 -5.490842 41.990719999999996
-2.152256 5.34385 42.191932
-0.951575 -4.378433 42.651845
-0.9436389999999999 -4.616191 42.608728
-5.748631 3.625748 -0.033837
3.427113 -4.527972999999999 40.409769000000004
2.7298329999999997 -1.6350639999999999 -1.221945
2.7298329999999997 -5.615638 38.172483
-5.740695 4.617665 -0.8674299999999999
1.8772250000000001 -3.5263750000000003 42.388353
-1.377879 1.054513 -4.594641
-1.377879 -4.873315 42.3644
2.435049 -1.417746 42.259003
0.18788100000000002 5.316955 -5.8354490000000006
-4.625047 3.2836339999999997 -3.3011369999999998
3.7060250000000003 5.344926 39.346219999999995
2.50421 -3.9212049999999996 3.923331
1.80693 -4.895907 42.139233
3.914642 -2.480667 39.557013000000005
-5.253166 2.51334 -1.681858
-1.440238 -1.2359310000000001 42.829103
-2.292846 5.34385 36.256179
-2.292846 -1.470462 -1.8495359999999998
-0.8744780000000001 5.34385 35.566309000000004
-3.913029 -2.498956 39.547432
-1.805317 -1.297253 42.666217
3.425979 5.296514 40.702005
-5.044549 0.39933199999999996 0.45002899999999996
2.573371 -3.343483 1.973492
3.2785870000000004 -5.384334 38.881516
-0.526405 -4.969064 42.541657
-1.379013 5.34385 35.724405
0.8760910000000001 -5.219732 42.278166
-3.7815090000000002 -2.227847 40.251673
0.031419 5.304044 42.915337
3.3477479999999997 -5.19714 39.815715000000004
3.6345959999999997 -4.784021 38.852772
0.7355010000000001 -4.757125 5.341397
2.293325 5.34385 42.086535000000005
-0.24862700000000001 -1.247765 -2.8603859999999997
-3.6431869999999997 5.34385 38.469511
-1.232755 -3.401578 0.6895680000000001
1.378358 5.34385 42.618308999999996
-3.43457 -5.219732 38.881516
-3.426634 -5.203595 39.355801
1.78879 -1.926614 -1.542927
-0.5445450000000001 -5.321936 42.230258
4.128927 -2.494653 5.691122
0.873823 5.34385 42.776405000000004
3.136863 -4.95185 40.754703
4.539359 1.767789 -2.616057
-3.3654089999999997 1.360049 -3.708351
1.656136 5.299741 42.536867
-3.2962480000000003 -1.4747649999999999 41.296060000000004
1.927112 -4.413935 42.230258
-3.5751600000000003 -4.568854 39.897157
2.492872 -5.639306 39.901948
2.492872 -1.134803 42.206304
-1.31212 -1.338135 -2.529823
0.593777 -5.10677 42.43626
-3.505999 5.34385 37.9569
1.159537 5.297588999999999 42.738079
-2.242959 -4.4279209999999996 42.009882999999995
0.725297 -4.548414 3.832307
3.693553 5.344926 38.819236000000004
-3.219151 -5.173471999999999 40.270835999999996
3.196954 -3.6059859999999997 5.456376000000001
2.499674 4.5757069999999995 -5.284511
0.794458 -1.434959 -2.563359
-0.050214 -4.391342 42.829103
-3.14999 -5.456415 38.450348
3.615322 -4.8238259999999995 39.365383
-3.2973820000000003 5.34385 37.473032
-1.7395580000000002 -5.113225 42.024255
-3.444774 5.34385 40.548701
2.778586 -5.628548 38.948587
4.181082 -2.297776 4.263476
4.886298 1.093243 -1.2842259999999999
-3.925501 3.222312 -4.096401999999999
-5.064957 0.135753 2.601082
-2.654525 -5.6425339999999995 38.84798
3.266115 -5.375728 39.331848
0.16633900000000001 1.746272 -5.1599520000000005
5.737772 5.320182 -0.7716149999999999
2.63006 -4.691498999999999 41.602669
3.3352760000000004 4.784418 -4.800644
-3.732756 5.297588999999999 39.509106
-3.7248200000000002 0.383195 -2.577731
3.19582 5.306196 41.118801
-0.756564 -1.181063 43.020733
3.7536439999999995 4.667153 39.34143
1.7150930000000002 -3.2929189999999995 0.790174
-5.779243 5.3148029999999995 -0.36439900000000003
1.994005 -5.32624 41.621832
1.149333 -0.828191 42.920128000000005
-1.958379 2.684397 -5.179115
1.8545490000000002 -4.652768999999999 42.220677
1.8545490000000002 5.34385 42.383563
-3.655659 -4.650618 38.905469
-2.9504430000000004 -4.704409 41.219408
2.05523 -1.2359310000000001 42.527285
-1.0524820000000001 5.299741 42.766824
3.6130540000000004 5.320182 -4.565897
-4.152258000000001 -1.448945 0.9099430000000001
-2.881282 -4.932485000000001 41.166709000000004
-1.6103059999999998 4.667153 42.565612
3.75251 -2.094444 40.361861999999995
2.899902 -5.5941209999999995 39.140218
-4.012802 -2.208482 2.557966
4.457726 0.772645 -1.887862
-0.5490809999999999 -5.15841 42.393144
-0.688537 -4.779717 5.504283
2.976999 -4.500001 41.243361
-3.2384250000000003 -5.421989 38.910261
0.5824389999999999 5.298666 42.877010999999996
-3.87448 -2.378463 39.854041
2.767248 -5.155182 41.090056000000004
-3.8824160000000005 5.319106 -4.33594
3.1935520000000004 -5.366045 39.772597
-3.021872 5.34385 37.01791
3.5416250000000002 -5.046524 38.871935
-1.4107589999999999 5.304044 42.637471999999995
-5.215751 1.41384 -0.627892
-2.952711 4.540205 -5.044973
-1.8291269999999997 -4.439755 42.282956
-4.441374 -1.8577610000000002 5.111441
2.192418 -1.032599 42.426679
-0.907358 2.7177469999999997 -5.471351
2.90557 1.258921 -3.995797
3.455458 -1.912628 41.05173
-2.8223249999999998 -0.306413 -2.774153
-1.264501 -2.6205249999999998 -0.752452
-2.9697169999999997 -5.489766 39.930693
3.253643 -1.464007 41.367921
-1.403957 -4.470954 4.22994
0.006475 -5.136893 42.517704
5.221899 1.44504 -0.647055
-0.49806 -4.117006 2.1747039999999997
-3.605772 5.34385 40.045671
4.020084 -2.183738 2.510058
2.470196 -3.480114 41.981138
1.625524 -5.3197849999999995 41.86137
2.183348 2.019533 -4.810225
2.888564 -5.590894 38.512627
1.346612 -4.945395 42.340444999999995
1.904436 1.0953950000000001 -4.436547
4.15954 -1.424201 0.8764080000000001
-1.552483 -5.581211 41.372712
-1.699875 5.34385 42.469795999999995
-0.289443 -5.633927 36.107665
-4.233891 2.387467 -3.420905
0.27631700000000003 -4.834585000000001 6.385782
-2.126179 -0.079413 -3.459231
-2.126179 -5.1229070000000005 41.760763
-2.823459 -5.619941 38.924631999999995
-1.413027 -4.62695 42.450632999999996
-4.1726659999999995 -2.3246719999999996 4.359291
-0.351802 5.34385 35.475285
-1.20441 -5.391865 41.961975
-1.20441 -4.172949 2.725642
-2.7542980000000004 -1.547922 41.981138
1.616454 -4.53658 5.3701419999999995
1.6243899999999998 5.316955 -5.600702
2.182214 -5.481159 41.1715
2.182214 -5.641458 37.319727
-0.9254979999999999 -5.530647 41.803881
-2.622778 -5.637155 38.191646
3.243439 -1.7803010000000001 41.396665
0.8409430000000001 -1.170305 43.011152
-2.266769 -4.660299999999999 41.938021
3.096047 -5.511282 38.713839
5.359087 5.315879 -2.237587
2.251375 -3.5296019999999997 42.144024
1.406703 3.662327 -5.59591
0.562031 -5.320860000000001 42.230258
-2.685137 5.34385 36.610696
-2.4765200000000003 3.701057 -5.212649
3.44412 5.344926 37.794014
-1.21348 5.34385 42.675798
-4.452712 0.754356 -1.873489
1.467928 -5.643610000000001 37.281400999999995
-1.6397840000000001 -4.527972999999999 5.3701419999999995
-1.136383 -4.700106 6.318713
5.784257 5.319106 -0.029046
-2.136383 -3.5554219999999996 1.8872590000000002
-3.678335 5.304044 39.863622
0.831873 0.982432 -4.6760839999999995
-2.415295 1.1663990000000002 -4.240125
2.947521 -4.715167 41.214616
1.3976330000000001 2.6693350000000002 -5.351582
5.210560999999999 0.765114 0.775801
2.110785 -5.62532 40.668471000000004
-3.5468149999999996 -5.036841 38.871935
0.761578 -1.011082 43.035106
2.3194019999999997 -4.4698780000000005 41.942812
2.8772260000000003 -4.942168000000001 41.166709000000004
-0.927766 -5.644685 37.626336
-2.632982 -4.680741 41.602669
-3.4776540000000002 -1.930917 41.008614
-3.4697180000000003 5.298666 40.587027
2.4509220000000003 -4.148205 5.413258
-3.059286 -5.349908 40.222929
-3.059286 -5.518813 39.327056999999996
-1.703277 -5.473628 41.569133
-4.810989 5.313727 -3.267601
-3.129581 5.304044 41.224198
2.241171 -5.643610000000001 38.02876
1.388563 1.948528 -5.068926
-3.2611010000000005 -4.576386 40.769076
0.8999 -5.006718 42.445842
0.752508 -3.2660229999999997 0.22007400000000002
3.015548 4.666077 41.415828
3.023484 -5.159486 40.697215
0.473596 -5.471477 42.024255
3.433916 3.078151 -4.4700820000000006
-3.6182440000000002 -4.814144 39.360593
-3.6182440000000002 -4.843191 38.862353
4.852284 0.132526 0.052397
3.642533 5.344926 39.873204
2.092645 -5.643610000000001 37.70778
3.6504689999999997 -4.635555999999999 39.379756
-0.441371 -4.85395 42.618308999999996
-3.549083 -4.785097 39.854041
-2.843867 4.666077 41.626622000000005
-2.1386510000000003 4.640257 -5.437816
0.116453 -5.643610000000001 41.468527
-0.580827 -1.031523 43.063851
-2.774706 -5.146576 41.090056000000004
2.58811 -5.6425339999999995 38.215601
-0.519602 4.439077 -5.821077
2.867022 -5.348832 40.610981
2.867022 0.450972 -3.435278
-0.24069000000000002 3.8796450000000005 -5.801914
5.2774540000000005 3.802185 -2.328611
0.820535 0.117464 -4.072449000000001
-0.876745 -5.214353 42.282956
-5.534345 2.146481 0.43086599999999997
2.9441189999999997 -5.4972970000000005 39.959436999999994
-3.271305 -5.369273 39.351011
-5.673801 5.319106 -1.169247
-3.705545 5.34385 38.996494999999996
-2.147721 -5.580136 40.898426
-0.24182399999999998 -2.5839469999999998 -1.087804
-2.64432 5.31803 -5.193486
-0.233888 -3.6382610000000004 0.88599
2.021216 4.716641 42.335655
-4.186272 1.612869 -3.008899
1.176544 -5.641458 36.438228
-0.799648 2.0636419999999998 -5.246185
3.3613530000000003 -2.82816 2.213031
-2.1488549999999997 -2.723805 0.014071
3.221897 -4.543035 40.850518
2.377225 -5.589818 40.572655000000005
1.2377690000000001 -1.205808 42.900965
0.462258 -4.871163 42.603938
-2.645454 -4.4698780000000005 41.645785000000004
0.470194 -1.143409 43.073433
-0.529806 5.31803 -5.806704
4.988338 -0.18054099999999998 2.232194
1.7332340000000002 -5.1229070000000005 42.019465
-0.313253 5.298666 42.905755
5.049563 5.319106 -2.869968
-2.149989 -1.375789 42.465005
3.212827 -5.183154 40.266046
3.212827 5.344926 37.314937
3.065435 5.312651 -4.9587390000000005
-3.080828 -5.0669640000000005 40.725958
1.592644 -1.2585229999999998 42.766824
0.740036 -3.729706 1.230925
-0.25202800000000003 -4.576386 3.760447
-0.25202800000000003 -0.481773 -3.6316990000000002
-4.05702 4.290612 -4.1730540000000005
-2.646588 5.302969 41.818252
2.716228 5.298666 41.751182
-3.4991960000000004 -1.7759980000000002 0.052397
1.8636199999999998 -0.963746 42.627891
-2.933436 5.321258 -5.0497630000000004
-2.933436 -3.432777 3.060995
-1.375612 -4.371978 42.508122
2.777453 -0.998172 -2.036375
2.777453 -1.237007 41.947602
-0.45384300000000005 -4.589295 42.714124999999996
1.661805 -4.0567590000000004 2.816665
-2.995795 -5.560770000000001 38.709049
-3.8484030000000002 -2.901317 6.323503
1.514413 -0.897044 42.790777000000006
0.661805 -5.6188649999999996 41.588296
2.5677019999999997 -5.496220999999999 40.692424
-3.647722 -4.633404 39.398919
4.68335 -0.751807 1.384229
-1.376746 -5.643610000000001 36.567578
0.730966 -4.302048 42.704543
0.033686 -1.154168 43.097386
-0.10577 -1.006779 43.106967000000004
-3.213482 5.34385 41.027777
-1.8109859999999998 -4.885149 42.144024
-1.655658 -5.311178 41.856578999999996
-2.508266 -5.626396 40.103159999999995
3.559766 -4.715167 39.892367
0.452054 -4.539807 42.728497999999995
-0.245226 -1.949207 -2.00763
3.42031 -5.212201 39.351011
0.808063 -0.688333 -3.3634160000000004
-3.2996490000000005 5.320182 -4.795854
0.234367 -5.5769079999999995 41.803881
3.2105590000000004 -4.730229 40.793029
-3.3540720000000004 -5.188533 39.820505
-2.7962480000000003 -5.41123 40.577445
-5.1987440000000005 5.321258 -2.587312
-3.6409200000000004 -2.9314400000000003 3.650258
1.7218959999999999 -5.471477 41.564343
1.2955919999999999 -5.538178 41.645785000000004
-0.25429599999999997 0.343389 -4.316777
-2.866543 0.446669 -3.4304870000000003
-3.711215 4.666077 39.758225
-0.332527 -4.825978 6.380992000000001
-1.1771989999999999 -0.8357220000000001 42.910547
-2.021871 -5.317633 41.61225
1.286522 -5.616714 41.377502
-5.773574 5.31803 0.315888
-5.765638 4.311053 0.5171
2.565434 -4.924955000000001 41.540388
-1.394886 3.6730850000000004 -5.600702
1.015546 -5.397244000000001 42.024255
-2.092166 -4.013726 3.377185
-2.944774 -4.511836000000001 41.281687
-2.2395579999999997 5.299741 42.18235
0.015546 -4.874391 42.690171
2.2785860000000002 5.298666 42.153605999999996
0.7286980000000001 -4.113778 2.256147
-0.82119 -5.396167999999999 42.076954
3.6890180000000004 0.02064 -2.232796
3.331875 -4.981974 40.309162
0.937315 5.31803 -5.758796
3.060899 -5.356363 40.198975999999995
-1.535476 -0.8852099999999999 42.776405000000004
-3.937972 -2.642042 39.121054
3.6878840000000004 -3.120786 6.309132000000001
-2.52754 -1.143409 42.172769
5.803532000000001 4.7112620000000005 -0.30212
3.408972 -4.766808 40.337907
-3.65906 -2.0836859999999997 40.615771
-2.953844 -5.254159 40.658888999999995
5.516684000000001 2.1228130000000003 0.10030399999999999
0.8590840000000001 4.518688 -5.787541
0.014412 -4.442983 42.829103
-3.4504430000000004 3.7645310000000003 -4.632968
1.215093 -3.515616 42.690171
-1.8926189999999998 -0.9680489999999999 42.608728
3.4781329999999997 -2.0008459999999997 0.43086599999999997
-3.589899 -2.3149889999999997 1.422555
5.741173 3.6246729999999996 -0.120071
1.633461 -4.398873 4.320965
2.346613 5.319106 -5.337209
2.207157 -4.908817 41.86616
5.523486 2.775842 -0.9440820000000001
5.376094 1.389096 1.163854
-1.53661 -5.644685 40.266046
1.431646 -4.402101 42.484168
1.8500140000000003 -0.534489 -3.1622039999999996
-2.807586 -1.2251720000000001 41.909278
-2.459513 -1.457552 42.23984
3.6085190000000003 -3.045478 4.119753
3.6085190000000003 -2.027742 40.73554
2.616455 -5.340225 40.994240999999995
-3.443641 -4.687196 40.309162
5.026887 4.31966 -2.922666
-1.335929 -0.599039 -3.310718
-3.033209 -1.660884 41.67453
0.7797189999999999 -2.114885 -1.69144
0.7797189999999999 -5.525268 41.851789000000004
-3.025273 -2.722729 1.168644
1.4849350000000001 -3.525299 42.584775
0.9962719999999999 -4.395646 42.637471999999995
3.9645279999999996 2.625226 -3.847282
2.964528 2.102372 -4.422174
0.012144 -4.7022580000000005 42.766824
-1.537744 -5.644685 37.449079000000005
2.119856 -5.131514 41.755973000000004
4.530288 -1.426353 2.826247
3.538224 -5.023931 39.360593
4.591513 2.50796 -3.004109
5.149337 2.4541690000000003 -1.9357699999999998
3.7547770000000003 -2.2439839999999998 40.309162
0.352281 5.34385 42.867429
3.4679290000000003 -5.002415 39.839668
-2.7474950000000002 -5.588742 39.882785
-3.5921670000000003 5.306196 40.218139
-1.337063 -5.148727 42.191932
-2.189671 2.056111 -4.843761
2.475865 3.7053599999999998 -5.212649
-0.27583799999999997 -4.757125 4.828786
2.684482 5.344926 41.732019
4.242306 3.940967 -3.938307
0.281986 2.6349080000000002 -5.514468
2.692418 -4.460196000000001 41.593087000000004
-4.375614 5.309424 -3.847282
-1.2599660000000001 -5.640382 41.233779
-0.7021419999999999 5.34385 42.814731
4.521218 5.321258 -3.684396
2.823938 -0.30211 -2.774153
0.924843 -4.692575000000001 42.594356
-0.9118930000000001 -4.921727 42.493748999999994
3.606251 -0.916409 -1.197992
-2.609173 -5.533875 40.476839999999996
4.311467 -0.431209 -0.61831
0.351147 3.562275 -5.739633
2.26498 -4.671058 41.938021
4.520084 -1.682401 5.264745
-0.137516 -5.602728 41.732019
-2.679468 -2.2127850000000002 -0.345236
-4.516204 -1.473689 2.922062
-0.355203 -1.167078 43.078223
2.465661 -5.143348 41.444573
1.613053 -5.644685 40.251673
-2.191939 -5.640382 37.348472
-0.076291 -4.649542 42.771614
-2.478787 -4.106247 5.010835
-3.1760669999999998 -4.850721999999999 40.778657
3.7445730000000004 0.72746 -2.850805
-3.315523 5.305121 40.908007000000005
3.4497890000000004 3.7709859999999997 -4.632968
3.605117 5.344926 38.297042999999995
-4.672666 -0.790537 1.436927
1.411238 -4.638784 42.445842
3.666342 5.298666 39.969019
1.271782 -5.219732 42.148814
5.6425339999999995 5.305121 -1.3608779999999998
-5.2304900000000005 3.9216019999999996 -2.477125
-4.882417 1.077105 -1.2746439999999999
-4.882417 -0.5022139999999999 2.33759
-2.471985 -5.133666 41.449364
2.743439 -1.546846 41.990719999999996
-3.4719849999999997 -4.992732 39.844459
1.9067029999999998 -1.3618029999999999 42.594356
5.572239 2.463851 0.8285
-0.790577 -0.796992 43.011152
3.022351 -1.6641110000000001 41.688902999999996
3.022351 5.344926 41.324804
2.325071 -5.332694 41.329594
-2.332529 -5.474704 41.042149
-0.077425 -4.8582529999999995 42.68538
1.828472 4.666077 42.455422999999996
0.278584 -1.006779 43.097386
-2.97652 3.0491029999999997 -4.78148
-5.37108 1.4149159999999998 0.411703
-0.8529359999999999 -5.6081069999999995 41.583506
-3.54228 -5.015324000000001 39.360593
1.820536 -1.261751 -2.390891
-3.1942070000000005 -1.136954 -1.43753
-3.186271 -3.587697 5.020417
-4.883551 2.285263 -2.3956809999999997
3.300129 4.666077 40.970288
-3.6046389999999997 -3.229445 6.309132000000001
-4.596703 -0.183768 -0.268584
0.766113 -2.727032 -0.762033
2.664074 -2.462378 0.07156
-1.993526 -5.640382 40.682842
-1.28831 5.31803 -5.686936
-1.28831 -2.0126809999999997 -1.6722770000000002
-1.98559 5.319106 -5.480932
3.9350499999999995 -2.635587 39.140218
-0.72255 5.305121 42.843476
3.795594 1.485921 -3.3825790000000002
-5.519606 2.744643 -0.9297089999999999
3.508746 4.666077 40.519956
-3.403958 2.1938180000000003 -4.149101
1.7570430000000001 4.691897 -5.576747
1.7570430000000001 -2.524776 -0.6374730000000001
-2.350669 -5.324088 41.320013
-3.195341 -5.35959 39.796551
2.167475 -1.3908500000000001 42.445842
1.470195 -5.644685 40.951125
3.733235 5.306196 39.432453
2.7332349999999996 -5.590894 39.91153
3.438451 -1.582348 41.066103
1.888563 -5.582287 41.128382
-2.769037 -5.602728 38.162901999999995
-2.916429 5.34385 41.463736000000004
-1.358605 0.199227 -4.005377999999999
-2.211213 -4.898059 41.870952
-2.908493 5.304044 41.526016999999996
2.949788 5.304044 41.478109
-2.56042 5.34385 41.856578999999996
-1.8552039999999999 5.34385 35.959152
4.073372 5.307271999999999 -4.163473
5.631196 4.076522 -1.3512959999999998
2.53142 -1.524253 42.167977
3.081308 -5.5037519999999995 39.331848
4.647068 3.2685730000000004 -3.258019
-3.6227790000000004 4.633802 -4.575478
-1.367675 4.553115 -5.686936
3.2978609999999997 5.344926 40.869681
3.0110129999999997 -1.337059 41.688902999999996
-3.3359310000000004 -4.972291 40.313954
-1.080827 -1.188594 42.948873
-1.7781069999999999 5.306196 42.465005
2.382894 2.842544 -5.044973
-3.1273139999999997 -4.4451339999999995 41.022986
-3.9719860000000002 -0.703395 -0.9057559999999999
-2.56949 -4.914196 41.540388
-5.521874 5.3105 -1.787255
-3.26677 -1.822259 41.358339
3.5064779999999995 5.344926 40.385815
-3.6930739999999997 5.34385 39.523477
3.924846 4.751068 -4.326359
-2.639785 -5.331619 40.979869
1.1731429999999998 -5.645761 39.834878
3.4282470000000003 -5.227263 38.881516
1.878359 0.25194300000000003 -3.852074
0.049559 -4.830281 6.309132000000001
3.862487 -2.342961 39.91632
-5.608041 3.965711 -1.3944130000000001
-0.237289 -3.148758 -0.120071
