695
-5.628864 -2.099992 2.900134
5.061568 1.441633 6.4600539999999995
-3.448896 -4.514617 4.379788
0.018112 5.338738 7.15215
4.77216 7.4386980000000005 3.2435310000000004
4.77216 7.4386980000000005 -3.343315
4.77216 3.294074 -6.390128000000001
4.77216 0.550302 6.507785000000001
4.77216 -3.294139 -6.390128000000001
-3.320663 -2.77277 6.087489
-1.494807 -3.820775 5.9562289999999996
5.688617 0.14215899999999998 5.54654
-2.781847 -5.309837 1.6087520000000002
4.441577 2.870133 6.71727
-1.599511 5.087269 7.111048
-0.561879 -4.309229 5.854138
2.366313 -5.515225 1.496054
4.60981 2.305316 6.682797
-5.72651 7.3597019999999995 0.87688
5.108626 2.128893 6.334098000000001
-5.1876940000000005 -3.0321379999999998 2.402939
4.465106 -3.528492 4.574689
4.505106 -1.6260199999999998 6.155107
-5.831214 -1.449597 3.171935
1.3522100000000001 -4.696307 5.588967
5.647442 7.4386980000000005 1.273311
5.003922 -1.138882 6.064949
4.360402 3.517895 6.546233999999999
-1.86539 -5.354602 4.231292
5.25333 -0.7570709999999999 5.990701
-4.560645 -2.230335 5.903195
3.3462989999999997 4.126159 6.940013
-2.6947889999999997 5.134666999999999 -6.390128000000001
-2.6947889999999997 7.4386980000000005 5.083817
-2.6947889999999997 7.4386980000000005 -5.184926
-2.6947889999999997 -5.134731 -6.390128000000001
2.702779 -4.989906 4.296259
5.630971 -1.387718 -6.390128000000001
5.630971 1.387653 -6.390128000000001
3.8451150000000003 -4.340828 -6.390128000000001
3.8451150000000003 7.4386980000000005 -4.39074
3.8451150000000003 7.4386980000000005 4.28963
3.8451150000000003 4.340763 -6.390128000000001
3.8451150000000003 -3.094017 5.835576
3.8451150000000003 -4.619945 1.709517
-5.992389 -0.43318999999999996 3.600186
-5.952389 0.828102 4.106662
4.882747 -1.5154269999999999 6.009263
3.096891 -4.045912 5.5611239999999995
-1.343045 -5.334852000000001 4.821297
-1.303045 -5.211093 5.054647999999999
-0.764229 5.4256329999999995 7.103093
3.08042 -4.730538 4.541542
4.906276 2.0169829999999997 6.539605
0.007524 -6.001047000000001 1.297176
5.445092 -1.574673 5.207121
-3.105372 -4.751604 4.342664
-5.035932 -3.2599080000000002 2.4559729999999997
5.7992040000000005 7.2807070000000005 -0.21562399999999998
5.7992040000000005 7.4386980000000005 -0.049892000000000006
5.7992040000000005 0.001284 -6.390128000000001
4.013348 -2.107892 6.152456
-0.925404 -5.538924 4.476575
5.7180290000000005 -0.280466 5.250874
-4.578291 -3.124299 5.192537
-5.905330999999999 -1.108601 3.3164529999999997
3.143949 -4.727905000000001 4.34399
-5.406515 1.354738 6.104725
-3.081843 -5.142631000000001 1.677696
-4.867699 -2.3369790000000004 5.581011999999999
-3.725363 -4.236816999999999 4.672802
2.3557249999999996 2.972827 6.853833
5.967436999999999 -0.7017749999999999 3.487488
-4.972403 1.191481 6.501155
0.9239809999999999 -5.592904 4.172955
2.1063169999999998 -4.897745 5.172649
-5.198282 -1.9828160000000001 5.392741
-4.739466 1.949837 6.632415
3.167478 -5.099183 1.663112
0.698102 -5.757478 -6.390128000000001
0.698102 7.4386980000000005 -5.8067519999999995
0.698102 7.4386980000000005 5.705643
0.698102 5.757413 -6.390128000000001
4.309814 -3.6799 4.69269
4.309814 -2.157922 6.055668
-4.988874 2.554151 6.324816
0.448694 -5.479677000000001 4.796106
4.100406 3.2493099999999995 6.81936
5.202742 2.190773 6.1657139999999995
-2.495969 -5.453346 1.543785
1.614559 -4.831916 5.423236
-2.600673 -4.858247 4.900849
-5.030049 0.026299 6.334098000000001
5.081567 0.789921 6.412323000000001
2.6521909999999997 -4.219701 5.612832999999999
-5.400632 -1.5773059999999999 5.337055
-0.003064 -5.49811 4.793455
-0.003064 -5.615286 4.461991
1.8227920000000002 -5.315104 4.516350999999999
-5.69004 0.140843 5.542562
5.458033 1.375804 6.009263
4.130993 -3.246742 5.567754
1.7016170000000002 -5.047836 5.148783
-5.022991 1.635172 6.481267
0.414577 -5.129465 5.3211450000000005
-0.8724630000000001 -5.297988 5.040063999999999
-5.127695 -2.390959 5.050671
2.055729 -5.421747 -6.390128000000001
2.055729 7.4386980000000005 -5.471311
2.055729 7.4386980000000005 5.371527
2.055729 5.422999 -6.390128000000001
5.667441 -1.995982 2.924
-3.486543 4.2881 6.815383
3.012186 4.403959 6.9824399999999995
-5.538278 -0.7399560000000001 5.6154839999999995
-1.3877499999999998 5.6310199999999995 -6.390128000000001
-1.3877499999999998 7.4386980000000005 -5.680796
-1.3877499999999998 7.4386980000000005 5.579686
-1.3877499999999998 -5.631085000000001 -6.390128000000001
-5.602982 0.111878 5.770609
3.9051139999999998 3.101852 6.865765
-2.135974 -5.6100200000000005 1.444346
3.261594 4.572483 6.774281
2.536899 -3.611437 5.946948
-4.831229 1.629905 6.588661
4.218051 -4.280264000000001 1.869945
5.360386999999999 -0.34761200000000003 6.009263
2.8910109999999998 -5.269023 1.42711
1.105155 -5.907569 1.163265
0.461635 -5.5968539999999996 4.465969
-5.579453 0.968978 5.831599
5.215683 0.8491679999999999 6.324816
5.215683 -1.159948 5.879329
-3.294781 -4.318446 5.144806
-4.686525 -3.1545799999999997 4.902175000000001
1.7722040000000001 -5.211093 4.841185
-0.657172 5.3216220000000005 7.141543
4.7403960000000005 -2.741171 5.391415
-5.555924 -1.149415 5.289324
4.096876 -4.388224999999999 1.9640810000000002
5.134508 -2.695091 -6.390128000000001
5.134508 7.4386980000000005 -2.744028
5.134508 7.4386980000000005 2.644244
5.134508 2.695026 -6.390128000000001
-5.201812 -2.343561 4.8133420000000005
5.633324 0.5542520000000001 5.742767
5.029804 2.5791660000000003 6.241288
4.225109 -2.958409 5.70962
-4.285355 -2.30933 6.009263
-3.1030189999999997 -3.9695489999999998 5.61681
-4.8888750000000005 2.048581 6.5488859999999995
2.9780689999999996 -3.611437 5.870048
5.302740999999999 -1.9880820000000001 5.12757
-3.891243 3.1110680000000004 6.867091
5.761557 -1.702383 3.057911
-1.381867 -5.4441299999999995 4.493811
-5.637099 1.003209 5.6154839999999995
5.801557 7.3597019999999995 0.013749
4.015701 3.224295 6.843226
-0.384235 5.566508 7.052711
-3.457131 -4.465904 4.590599
-4.825346 2.958344 6.316861
4.8274539999999995 2.954394 6.315536
3.500414 -4.4751199999999995 4.381114
2.253374 -5.15053 4.546846
-0.899522 -5.425697 4.805387
5.221565999999999 -2.9505090000000003 2.595188
-5.798274 7.4386980000000005 -0.049892000000000006
-5.259458 0.8702329999999999 6.291670000000001
-4.117122 3.2953910000000004 6.80345
-0.46541000000000005 -5.5968539999999996 4.465969
-4.720642 -2.293531 5.752047
-5.364162 1.8010620000000002 6.039758
-5.630041 7.4386980000000005 1.336952
5.205095 1.246778 6.3473559999999996
4.5615749999999995 2.0538469999999998 6.697382
5.100391 0.400211 6.356637
-4.737113 -1.876172 5.9562289999999996
-5.340633 0.059214 6.119308999999999
-5.984153 0.5266029999999999 4.007223
3.7086470000000005 -4.249983 4.679431
5.494503 -1.5628240000000002 4.965816
-3.24184 -4.206536000000001 5.325122
-5.2124 -2.970258 2.579278
-3.3865439999999998 -4.285531 5.083817
2.694544 5.134666999999999 -6.390128000000001
2.694544 7.4386980000000005 5.083817
2.694544 7.4386980000000005 -5.184926
2.694544 -5.134731 -6.390128000000001
5.019216 -2.381743 5.323796
0.57928 -4.8450809999999995 5.567754
5.935673 0.905781 4.182235
-2.614791 -4.1578219999999995 5.665867
-3.258311 4.022148 6.97316
-5.044167 -1.9564840000000001 5.643327
-3.8618310000000005 -4.169671 4.448733
3.176889 -4.12754 5.445775
0.143993 5.578357 7.054036
5.541561 0.094762 5.878003
1.2863289999999998 -5.165013 5.130222
4.858041 2.455407 6.506457999999999
-4.754759 2.402743 6.597943000000001
4.898041 -1.9248859999999999 5.8090589999999995
-1.826567 5.24921 6.999677
-2.470087 -4.668658 5.2707619999999995
-1.408926 5.283441 7.079228
-4.521822 2.521236 6.713292
-2.19715 -5.049153 4.869028
-2.84067 -4.459321 5.303909
-4.626526 -3.833941 2.060868
0.022818 -5.670583 4.150415
-4.498292999999999 2.888565 6.681471
-0.203061 -4.874046 5.563776
-2.672437 4.876615 6.913495999999999
2.121611 4.871348 7.077902
-2.133621 -4.938559 5.098401
5.5886190000000004 -1.138882 5.163368
-4.747701 2.891198 6.469335
-4.2088849999999995 2.79377 6.806102
-3.066549 -4.717372 4.6237449999999995
-4.4747639999999995 -3.521909 4.552149
-3.8959479999999997 -2.77277 5.9681619999999995
5.756851999999999 0.700393 -6.390128000000001
5.756851999999999 -0.697825 -6.390128000000001
5.756851999999999 7.4386980000000005 -0.7486170000000001
5.756851999999999 7.4386980000000005 0.647508
-3.0430200000000003 -3.8444730000000003 5.72553
-5.472396 -1.586522 5.071884
-1.4430429999999999 5.375602 7.022216
5.096861 -0.753121 6.121961
3.311005 -3.124299 5.98805
3.809821 -4.2183850000000005 4.443429
5.530973 -2.347511 2.784785
-5.408867 1.835293 5.897891
4.243933 -3.3665510000000003 5.34501
-4.3065310000000006 -3.428431 5.192537
-4.266531 3.4323159999999997 6.680146
5.3862689999999995 0.06579700000000001 6.076882
-1.981859 -5.673216 1.2680069999999999
3.4557089999999997 -4.393491 4.812017
-5.674746 -0.713624 5.163368
5.1603900000000005 -0.358145 6.180298
2.047494 -5.641618 1.435065
4.870982 -2.779353 5.118289
-4.347706 -3.007122 5.582338
-4.4688810000000005 -2.621362 5.753373
-5.112401 2.117044 6.332772
-5.755921 7.4386980000000005 -0.7486170000000001
-5.755921 7.4386980000000005 0.647508
0.140463 -4.331611 5.852812
5.538031 0.955812 5.929712
-0.004241 5.254476 7.154800999999999
2.859247 4.663327 6.949294
-3.263016 4.572483 6.775607
-4.590056 3.3256729999999997 6.389784
-4.590056 1.394236 6.637718
0.807512 -4.953042 5.456382
-2.265384 4.756805 7.072597999999999
-3.013608 -3.5851050000000004 5.8727
4.853336 -3.5271749999999997 2.344601
-5.482984 0.940013 6.029151
-4.340648 -3.8457900000000005 -6.390128000000001
-4.340648 3.845725 -6.390128000000001
-4.340648 7.4386980000000005 -3.89487
-4.340648 7.4386980000000005 3.7950860000000004
0.4134 5.46908 7.1070709999999995
5.850968 -1.3692849999999999 3.1918219999999997
1.635736 -3.9616499999999997 5.916453
-0.954815 -5.587638 4.18091
0.831041 -5.080751 5.327774
-5.958271 -0.771554 3.4609710000000002
-2.990079 -4.631794 4.940624
-1.2042229999999998 -4.875363 5.466989
-5.459455 0.502905 6.0530159999999995
-4.920639 -2.781986 4.977748
0.332225 -5.987881 1.317064
4.506282000000001 -3.088751 5.339707
4.361578 -3.470562 5.041389000000001
-4.792406 -0.516135 6.33012
4.900394 -0.17777199999999999 6.3553109999999995
-1.140694 5.24526 7.124307000000001
-3.61007 -4.8055840000000005 1.624662
5.898026 1.151983 4.260461
3.242771 4.041897 6.977137
-5.307693 -1.158631 5.7745869999999995
-3.6265409999999996 -3.0532030000000003 5.937667
5.382739 1.812911 5.993353
5.382739 -2.658226 2.689323
5.422739 -2.056545 -6.390128000000001
5.422739 2.05648 -6.390128000000001
-4.913581000000001 -3.462662 2.200083
5.921555 -1.021706 3.324408
5.816851 1.504829 4.416912
-4.519469 -1.769528 6.106051
4.4086359999999996 -2.604246 5.80243
-5.887684 1.191481 4.286978
3.1215960000000003 4.530352 6.89626
-2.919492 4.314431 7.014260999999999
-1.777156 -5.2084600000000005 4.842511
-2.4206760000000003 4.564583 7.061992
-4.890052000000001 2.4659400000000002 6.475963999999999
0.40281199999999995 -5.000439 5.448427000000001
-1.383044 -5.49811 4.200797
-5.638275999999999 -0.304164 5.577034
4.054524000000001 -2.65296 5.9602059999999994
2.767484 -5.32827 1.559695
1.4404439999999998 5.2742249999999995 7.077902
3.2662999999999998 -4.2447159999999995 5.264133
-2.292443 -5.554723 1.317064
4.930981 0.5819000000000001 6.46138
-0.426587 -5.652151 4.166325
-5.3653390000000005 -1.9525339999999998 4.880961
-6.008858999999999 -0.125108 3.698299
-0.571291 -5.983931 1.102276
4.866277 -3.524542 2.193454
-5.470043 0.082913 5.98142
4.1827570000000005 3.349371 6.761023
0.42634099999999997 -5.246640999999999 5.180604
4.721572999999999 -3.1848620000000003 4.646285
-1.963035 -4.163088 5.806407999999999
4.576869 0.140843 6.479941999999999
4.6168689999999994 -1.6642009999999998 6.100747
-4.577115 0.056581000000000006 6.469335
-0.9654029999999999 -4.64496 5.67117
1.422798 -5.488893 4.194168
4.39099 -4.084092999999999 2.121858
5.6380300000000005 -0.7123069999999999 5.3675500000000005
5.67803 -0.292315 5.459034
-1.167753 -5.897037 1.1579620000000002
-5.422985000000001 -2.056545 -6.390128000000001
-5.422985000000001 2.05648 -6.390128000000001
-0.025417000000000002 -6.008946 1.120838
5.452151000000001 0.92158 6.075556
-1.272457 -5.112349 5.201817999999999
1.655735 -4.436939 5.70962
-2.744201 -4.315812 5.500134999999999
-3.387721 -4.953042 1.7280790000000001
-1.063049 -5.900986 1.358166
-0.001888 -5.0162379999999995 5.447101
-0.001888 -5.14658 5.318493
-0.001888 -5.369084 5.028131
-0.001888 -5.263757 5.177952
5.974496 0.638514 4.052302
-4.466528 -3.078218 5.398044
-5.254752 -0.753121 5.992027
4.398048 -3.548241 4.796106
-1.64304 -4.887212 5.356943
1.847497 -5.361184 4.225989
-2.407735 -4.571231 5.404674
4.710985 1.3020749999999999 6.607222999999999
3.383945 -4.9504090000000005 1.7545959999999998
3.882761 -2.570015 6.049039
4.421577 3.1742649999999997 6.658931999999999
-4.853582 -3.525859 2.340624
5.522738 -0.32918000000000003 5.803756
-5.457102 -1.159948 5.539911
-0.703054 -5.956283 1.3329739999999999
-2.134798 4.946394 7.05934
-4.524174 3.2321950000000004 6.543582000000001
-1.595982 -4.767403 5.482899
-0.453646 -5.479677000000001 4.796106
5.627442 0.118461 5.713598
4.943922 2.513337 6.401716
-1.740686 -4.5738639999999995 5.606203
4.340402 -3.8457900000000005 -6.390128000000001
4.340402 3.845725 -6.390128000000001
4.340402 7.4386980000000005 -3.89487
4.340402 7.4386980000000005 3.7950860000000004
-5.393573 -0.7491720000000001 5.842206
-4.251237 -3.359969 5.346336
2.932187 -4.576497 5.089119999999999
-3.792421 -2.455472 6.102073
-2.7547889999999997 -5.342752 1.38866
-3.3983090000000002 4.253868000000001 6.885653
3.720411 -4.709473 1.8275179999999998
1.7086759999999999 5.292657 7.007632
4.676868 -3.773378 2.083408
-5.160635999999999 -0.350245 6.181624
-3.33478 4.084028 6.949294
-4.66182 -2.704307 5.521349
-3.4794840000000002 -4.389541 4.7828479999999995
-4.123004 -1.457497 6.269131
-4.7665239999999995 -1.274491 6.155107
5.343917 -2.013097 4.861073
2.191021 -5.051786 4.867702
4.555693000000001 -2.239551 5.901869
2.086317 -4.434305 5.626091
-5.740627 -1.770845 3.039349
4.410989 -3.5061099999999996 4.858421
4.450989000000001 1.977485 6.714618
3.163949 -2.762237 6.098095
-4.204179 -2.697724 5.8727
-1.275987 -4.404024 5.773261
-5.073578 0.846535 6.421604
-5.757098 0.700393 -6.390128000000001
-5.757098 -0.697825 -6.390128000000001
-4.18065 -2.930761 5.754699
5.51215 -1.161264 5.415281
4.103935 2.652895 6.811405
-2.580673 4.702825 7.024868
5.785087 7.3597019999999995 -0.41185
0.8863350000000001 -4.41324 5.801104
-4.800641 1.287592 6.580706
3.066303 -3.915569 5.67117
2.196904 -4.219701 5.734811
5.125096 -2.397542 5.049344
-3.345368 -3.111133 5.986724000000001
-0.417176 -5.129465 5.3211450000000005
-5.2759279999999995 1.299441 6.278411999999999
-4.173592 2.5120199999999997 6.7928429999999995
2.945128 4.797619999999999 6.812730999999999
-5.646511 7.4386980000000005 -1.374421
4.006289 -3.1519470000000003 5.7202269999999995
3.362769 -4.314496 5.079839
-0.852463 -5.196611 5.188559000000001
4.545105 1.195431 6.619155999999999
-4.648879 -0.275199 6.408346
-4.648879 -1.263958 6.205489
5.043921 -1.957801 5.642002
0.000465 7.4386980000000005 -5.84918
0.000465 7.4386980000000005 5.74807
0.000465 -5.799609 -6.390128000000001
0.000465 5.799544 -6.390128000000001
-4.898287 -1.9262029999999999 5.8090589999999995
-4.858287 0.0184 6.404368000000001
1.721617 -5.7482619999999995 1.396615
5.293329 0.456824 6.2267030000000005
-4.480646 -1.191546 6.271781999999999
2.099258 -5.616603 1.033331
-3.9418300000000004 -4.526467 1.903092
2.598074 -4.858247 4.900849
-2.904198 -4.539633 5.162042
-5.373574 -2.668759 2.705234
-4.231237999999999 3.051822 6.7888660000000005
5.421562 7.4386980000000005 2.005182
5.421562 7.4386980000000005 -2.106292
-2.405382 4.933228 6.991720999999999
-1.223046 -4.169671 5.8753519999999995
2.348666 -5.532341000000001 1.31839
-5.478278 1.38897 5.958881
6.0003779999999995 0.326482 3.91839
5.356858 1.309974 6.18295
-4.979462 0.541086 6.437514
-0.805405 -4.953042 5.456382
-5.704157 -0.293632 5.339707
-5.165341 -1.152048 5.928386
5.629795 7.4386980000000005 -1.436736
-5.993565 -0.09614299999999999 3.799064
-1.698333 -5.750895 1.420481
-2.341853 -4.46327 5.527978
-0.555997 -4.5409489999999995 5.754699
-1.239517 -5.000439 5.3410329999999995
-2.526557 -4.754237 5.12757
5.340387 -2.7582869999999997 2.515637
-2.6712610000000003 -4.949092 4.582644
3.409827 4.173556 6.904215
4.655692 -3.789177 2.21069
0.8992760000000001 -5.425697 4.805387
-4.0394760000000005 -3.173013 5.687081
5.613324 -0.312064 5.63272
5.613324 0.9966259999999999 5.722879
-0.42776400000000003 -5.247958 5.180604
-2.8571400000000002 4.664644 6.949294
-3.001844 4.413175 6.983765999999999
4.8651 -0.9400769999999999 6.2041640000000005
4.8651 -2.342245 5.579686
-2.503028 -3.2928230000000003 6.027825
4.720396 -2.2961639999999996 5.752047
1.6475 5.068837 7.108397
5.299212 1.760248 6.178972
1.0439800000000001 -5.910202 1.322367
-4.514763 2.076229 6.71064
5.178037 1.698368 6.344703999999999
-4.015947000000001 3.1913810000000002 6.847203
-5.801803 7.3597019999999995 -0.11485899999999999
-3.9759469999999997 -4.010364 4.697993
-0.404235 -5.000439 5.448427000000001
-5.302987 -1.990716 5.124918
5.387445 -1.167847 5.657912
-0.154827 5.507261 7.0991159999999995
-4.3700589999999995 -3.466612 5.032109
-5.013579 2.077546 6.44547
-2.085387 -4.847714 5.242919
5.700381999999999 0.571368 5.481573
2.587486 4.700192 7.023542000000001
1.340446 -5.334852000000001 4.819972
-4.885346 -1.507527 6.010589
1.195742 5.4401150000000005 7.0328230000000005
4.807454 1.7418150000000001 6.603246
-4.34653 3.496829 6.578054999999999
3.520414 4.32628 6.767652
-5.633570000000001 -0.721523 5.374179
-5.134754 -2.695091 -6.390128000000001
-5.134754 7.4386980000000005 -2.744028
-5.134754 7.4386980000000005 2.644244
-5.134754 2.695026 -6.390128000000001
3.2945349999999998 -4.7726690000000005 -6.390128000000001
3.2945349999999998 4.772603999999999 -6.390128000000001
-4.073593 -4.421139999999999 1.804979
4.935687 -2.7885690000000003 4.904826
-5.360633 -0.34234600000000004 6.010589
-6.0041530000000005 0.213255 3.8759630000000005
1.219271 -4.941192 5.407325
4.187463 -2.705623 5.876678
-5.006521 -1.12835 6.066275
0.47104699999999994 -5.648201 4.1703030000000005
-5.111225 1.242828 6.421604
-0.438352 -5.350652 5.032109
1.387504 5.6310199999999995 -6.390128000000001
1.387504 7.4386980000000005 -5.680796
1.387504 7.4386980000000005 5.579686
1.387504 -5.631085000000001 -6.390128000000001
-5.337104 0.471307 6.185601999999999
-3.5512479999999997 4.3644620000000005 6.709315
-1.7253919999999998 -5.091283 5.07321
-1.6853920000000002 -4.995173 5.2203800000000005
4.210992 -3.826041 4.5150250000000005
-3.117136 4.586965 6.863113
4.749808 2.887248 6.4680089999999995
-5.586512 0.541086 5.850161
-1.9748 -4.629161 5.504113
4.565104 -2.674025 5.642002
4.605104 -3.1387819999999995 5.120940999999999
-2.200679 5.121499999999999 6.954597999999999
-4.670055 2.829318 6.5687739999999994
-5.273575 -1.5720399999999999 5.588967
4.379225 -3.037404 5.525326
4.379225 -1.083585 6.310232
-4.171239 -1.8551069999999998 6.185601999999999
-4.814759 -2.7582869999999997 5.257504
0.662809 5.318988999999999 7.141543
4.733337 -1.882755 5.954903
-5.522983 -0.326546 5.8050820000000005
-1.951271 5.114917 7.040778
-2.5947910000000003 -3.6509350000000005 5.925734
-5.667687 0.576634 5.635372
-3.881831 -3.097967 5.817014
3.9851129999999997 -4.0064139999999995 4.688712
-2.055975 -5.421747 -6.390128000000001
-2.055975 7.4386980000000005 -5.471311
-2.055975 7.4386980000000005 5.371527
-2.055975 5.422999 -6.390128000000001
-3.3830150000000003 -4.389541 4.927365999999999
-3.3830150000000003 4.1656569999999995 6.918799000000001
0.228697 -4.643643 5.713598
2.054553 5.043822 7.046081
5.0462739999999995 -1.544392 5.8673969999999995
3.115714 -3.338903 5.9496
3.6545300000000003 -2.229018 6.16704
-2.571262 -2.3343450000000003 6.155107
0.43692999999999993 -5.350652 5.032109
-2.0324459999999998 -4.743704 5.379482
5.190978 -1.5654569999999999 5.706968
-2.258325 -5.1478969999999995 4.546846
4.925099 1.173049 6.523695
0.7098669999999999 -5.958916 1.303806
4.321579 -3.416582 5.191211
-3.191253 -5.091283 1.507987
4.675691 -3.16643 4.91013
5.069802999999999 -3.2256760000000004 2.3127809999999998
-4.165356 -2.265883 6.067601
5.527444 1.419251 5.810385
2.374548 -4.5212 5.46964
5.34274 -1.5786229999999999 5.4643369999999996
-0.698348 -5.757478 -6.390128000000001
-0.698348 7.4386980000000005 -5.8067519999999995
-0.698348 7.4386980000000005 5.705643
-0.698348 5.757413 -6.390128000000001
-4.95358 -2.816217 4.721858
-4.95358 -0.526668 6.262500999999999
4.6992199999999995 -0.908479 6.277086
-2.668908 -3.943217 5.781216000000001
5.198036 -1.9841330000000001 5.392741
3.45218 4.251234999999999 6.855158
-5.0982840000000005 -0.742589 6.123287
-5.0982840000000005 -1.548341 5.81834
-5.058284 2.610764 6.156433
2.80866 -4.418506 5.370201
1.48162 -3.808926 5.958881
6.0097890000000005 0.006551 3.785805
1.754557 -5.7495780000000005 1.228232
-0.031299 5.430899 7.132262000000001
-2.605379 -3.819458 5.855464
0.8616290000000001 -5.250591 5.116963
-4.761818 0.58585 6.514414
-1.150106 5.124134000000001 7.134914
4.247462 3.4125669999999997 6.702685
2.212198 5.089902 6.97316
-0.257178 -4.055128 5.925734
1.568678 -4.248666 5.81834
-5.19593 0.448925 6.300951
-2.686554 -5.000439 4.280349
0.925158 -4.631794 5.683103
0.925158 -5.538924 4.476575
-5.799449999999999 0.001284 -6.390128000000001
-5.381809 0.9018309999999999 6.16704
4.2709909999999995 2.738474 6.791518000000001
4.3109910000000005 -1.6010050000000002 6.216096
4.3109910000000005 3.4652309999999997 6.628437
-5.5265130000000005 1.421884 5.810385
2.340431 -5.170279 4.248528
-1.914801 -3.9445340000000004 5.901869
-3.845361 -4.340828 -6.390128000000001
-3.845361 7.4386980000000005 -4.39074
-3.845361 7.4386980000000005 4.28963
-3.845361 4.340763 -6.390128000000001
-5.631217 -1.387718 -6.390128000000001
-5.631217 1.387653 -6.390128000000001
2.235727 -3.9537500000000003 5.862093
-0.981873 -4.783202 5.577034
5.558031 0.525287 5.900543
-2.268913 -4.274998 5.687081
-4.738289 -3.161163 4.648937
-5.421809 7.4386980000000005 2.005182
-5.421809 7.4386980000000005 -2.106292
-4.175944 -4.30528 2.030374
-3.178312 3.93262 6.978463
-3.138312 -3.2809730000000004 5.966836
4.728632 -0.20542 6.404368000000001
-5.6076880000000005 -1.113867 5.063929
-0.21012 -4.733171 5.659238
0.9322159999999999 5.397984 7.096463999999999
-4.425352 -4.049862 2.1284870000000002
4.439224 -4.049862 1.969384
-2.285384 -5.192661 4.249854
2.387489 -3.378401 6.015892
5.999201 -0.360778 3.6293539999999997
-1.8277430000000001 -5.313787 4.516350999999999
-0.830111 -5.080751 5.327774
1.3898570000000001 -5.83779 1.358166
3.175713 3.9378870000000004 6.979789
5.001569 -0.181722 6.311558000000001
5.4603850000000005 0.496322 6.051691
3.031009 -4.684457999999999 4.777544000000001
3.6333539999999998 -3.0532030000000003 5.935015
1.163978 5.224195 7.126958999999999
-4.4182939999999995 3.1768980000000004 6.6615839999999995
-5.021814 -2.377793 5.323796
1.55809 4.995108 7.119003999999999
5.169802 -2.409391 4.805387
4.985098000000001 -2.7648699999999997 4.717881
0.769866 -4.118324 5.9058470000000005
-1.6995099999999999 -4.4422049999999995 5.699013
-4.772406 7.4386980000000005 3.2435310000000004
-4.772406 7.4386980000000005 -3.343315
-4.772406 3.294074 -6.390128000000001
-4.772406 -3.294139 -6.390128000000001
0.503987 -5.989198 1.151332
5.193331000000001 0.040782 6.239962
-4.644173 -3.797076 2.2319039999999997
3.222771 -2.980791 6.047713
5.048627 -3.2454249999999996 2.442715
-1.675981 -5.770644 1.222928
2.6192509999999998 4.4961210000000005 7.046081
-4.2500610000000005 -3.752312 4.668824
4.759219 2.393527 6.596617
3.391004 -4.962258 1.55837
-3.293604 -4.7726690000000005 -6.390128000000001
-3.293604 7.4386980000000005 -4.821642000000001
-3.293604 7.4386980000000005 4.721858
-3.293604 4.772603999999999 -6.390128000000001
2.64278 4.8515999999999995 6.946642
1.99926 -4.69104 5.444449
0.67222 5.53491 7.048733
2.498076 -4.714739 5.201817999999999
-4.186532 3.359904 6.757045000000001
3.036892 -3.740463 5.785194
-5.513572 -2.388325 2.775504
-3.1653710000000004 -4.12359 5.457708
3.454533 -4.468537 4.590599
-0.341883 -5.987881 1.31839
-5.200635 2.194722 6.1657139999999995
1.379269 -5.4454460000000005 4.493811
-5.345339 -2.743805 2.5315469999999998
-4.163003 -3.8760719999999997 4.497789
-4.163003 -3.298089 5.49218
-3.664187 -4.746337 1.842102
5.345093 0.884716 6.210793
-4.428882 -4.060394 1.9640810000000002
3.2933579999999996 7.4386980000000005 -4.821642000000001
3.2933579999999996 7.4386980000000005 4.721858
-0.921874 5.496729 7.042104
2.649838 -3.9669160000000003 5.773261
-5.177106 1.702318 6.344703999999999
5.01451 2.074913 6.4441429999999995
4.643927 2.80562 6.5992679999999995
-1.397161 -5.831207 1.387334
-5.193577 0.047365 6.241288
2.6733670000000003 -4.949092 4.5773399999999995
4.539223 3.230878 6.527672
-5.298281 1.7470820000000002 6.18295
5.536855 -0.7452219999999999 5.614158000000001
5.392151 -0.755755 5.840879
-4.405353 -3.550874 4.772241
-2.579497 -3.481095 5.980093999999999
