993
5.591552 5.5254650000000005 43.186543
5.591552 5.5254650000000005 -0.7821760000000001
-5.6753919999999995 -7.778854 41.329387000000004
-4.567168 6.492412 -0.040381
-4.567168 6.353230999999999 43.293276000000006
-1.282496 5.83606 46.783451
5.446848 5.9415450000000005 -0.381928
5.446848 5.94008 42.786294000000005
-5.16128 6.211119 42.796968
-4.053056 5.673437 45.662752
5.96096 3.427482 -0.8035230000000001
0.195136 -7.778854 36.665147
-0.873088 5.8302 -4.464471
1.34336 4.850067 -5.382376
-4.462464 5.781853 -2.67669
-3.35424 1.7485089999999999 -5.024819
4.668032 6.694592000000001 2.094281
-4.422464000000001 4.6053999999999995 -3.626616
-4.422464000000001 2.123568 46.505944
-1.218967 5.437561 -4.987463
2.105705 5.203149 47.343799
5.470377 5.759876 43.197216
2.989225 -7.778854 47.397166
-1.363671 4.523356 47.898812
4.177448999999999 6.247745 -1.753449
5.020969 6.5070630000000005 41.244
-4.069527 5.651461 -3.279734
-5.097751 6.153981 43.191879
3.728041 -6.359199 -4.491155
5.799785 -6.359199 -0.045719
-3.2907110000000004 6.014799 -3.1890099999999997
-1.074263 7.169275 5.125503
-4.704814 6.455786 42.56749
4.160978 -7.778854 38.431581
-4.889518000000001 2.360909 -3.530556
-1.564846 5.572347 -4.75265
-3.925998 6.259466 -1.817489
2.498642 5.232451 47.162353
5.67861 5.485907999999999 -0.33923400000000004
2.169234 5.890268 46.425893
0.899835 4.835416 -5.473099
-1.276613 -7.778854 36.8039
-4.865989 2.36677 45.961605
-3.902469 -7.701205 46.73542
-4.127173 6.323929000000001 43.730882
5.003323 6.093913 43.586792
-4.311877 5.619229 -3.087614
4.818619 6.381067 -0.41928499999999996
-5.564805 5.582603 -0.7875139999999999
5.742139 -7.761273 43.197216
1.124539 5.988428 -3.8721020000000004
5.557435 5.315959 -1.198436
-4.601285 2.188031 46.303151
5.35626 -7.778854 44.62744
3.179812 5.490303 -4.160282
-4.76246 4.690374 45.572029
2.995108 5.9049190000000005 46.036318
-2.99542 5.9049190000000005 -3.637289
1.3327719999999998 7.159021 37.374924
4.617444 6.13054 44.109784000000005
5.725668 5.285193 42.620857
5.725668 5.390678 42.204597
5.725668 2.9571940000000003 -1.8708550000000002
-0.000156 1.1536899999999999 -6.060131
-0.000156 1.1536899999999999 48.459160000000004
-0.000156 -6.359199 -5.846665
-5.72598 5.386283 42.231282
-5.72598 2.9571940000000003 44.269884
-5.003635 6.093913 -1.187763
-4.963635 6.284372 42.989087
-4.040115 4.700629 46.404547
4.865677 5.6104389999999995 44.78754
-5.293043 6.258001 41.980458
4.905677 2.2598190000000002 45.913574000000004
-0.9001469999999999 4.835416 47.872128000000004
4.640973000000001 -7.778854 38.997267
3.612749 -7.701205 46.980906
4.720973 5.781853 -2.340481
-4.369523 5.11671 45.886892
4.311565 6.086587000000001 44.600757
4.311565 5.619229 45.486643
5.419789 6.152516 41.537516000000004
-2.683658 -7.778854 47.567938999999996
1.709238 5.179708000000001 -5.094197
-2.868362 1.467215 47.728039
-3.27777 6.999328 38.394225
3.636278 6.074866999999999 -2.7994339999999998
-4.305994 5.314495 -3.4078120000000003
-5.678922 5.485907999999999 42.738262999999996
4.559798000000001 6.3517660000000005 -0.9155939999999999
5.668022000000001 5.6646469999999995 41.873724
5.668022000000001 5.250032 -0.771503
5.483318000000001 6.058751 0.893533
-2.498954 5.232451 -4.763324
0.865718 5.147476 -5.29699
0.704543 1.329499 -6.006765
3.989215 6.886517 3.108247
-5.021281 5.354052 44.824897
3.804511 4.688909 46.623351
-4.177761 6.247745 44.152478
-5.205985 -7.778854 39.925846
2.511583 7.0857660000000005 37.865895
-5.470689 5.759876 -0.798187
-2.106017 5.203149 -4.94477
-2.106017 1.458425 48.069585
-2.106017 1.4804009999999999 -5.665218
5.9162550000000005 3.3630189999999995 43.496069
-3.398945 6.013334 45.534672
-3.358945 6.096843 45.28385
-4.651873 6.608153999999999 41.494822
-3.808353 4.690374 -4.224322
5.1609679999999996 6.211119 -0.397938
-0.564856 -7.778854 48.203001
-2.926008 6.108563999999999 45.363899
-5.44716 5.9415450000000005 42.780957
-5.44716 5.94008 -0.387265
2.575112 5.923965 -3.792051
2.350408 -7.778854 37.161457
-5.591864 5.5254650000000005 43.181205
-5.591864 5.715924 -0.349908
-3.56012 6.104169000000001 -2.746068
3.353928 1.747044 47.423848
-1.343672 4.850067 47.781405
0.912776 -7.778854 48.160307
-5.961272 3.427482 43.202552
4.052744 5.676367 -3.258387
3.9715689999999997 1.792461 46.954223999999996
0.382193 1.1639460000000001 -6.044122
2.598641 4.930646 47.306442
4.815089 5.288123000000001 -2.80477
-5.343631 5.494699 44.024398
3.5621609999999997 4.438381000000001 46.874173
-4.380110999999999 2.101592 -4.154944
-4.380110999999999 5.5562309999999995 45.481305
2.269233 4.576098 47.589285
4.485681 4.61419 -3.5519019999999997
-4.604815 5.150405999999999 -3.1890099999999997
-0.131919 5.819944 -4.544521
-2.533071 1.531679 47.888138000000005
-4.974223 6.539294 1.7740820000000002
-1.810726 4.546797000000001 47.765394
-0.702502 1.329499 48.405794
0.405722 5.418515 47.514572
-5.320102 2.535253 45.235819
-5.504806 2.8165470000000004 -2.4472150000000004
-4.396582 -7.778854 38.687740999999995
5.802137999999999 3.1461879999999995 44.003051
4.733914 5.984032 44.328588
-5.689509999999999 5.576743 0.093034
-5.689509999999999 5.575277 42.305995
3.440986 4.419336 -4.565868
3.1762819999999996 1.534609 47.546592
3.1762819999999996 5.480048 46.569984
0.999834 4.20397 -5.6278630000000005
3.256282 5.339401 46.655371
3.031578 5.817014 46.19108
-4.950694 5.787713 44.381955
-2.7342459999999997 4.331431 -5.019483
4.179802 5.7833179999999995 45.37991
1.7386499999999998 5.028805 47.583948
0.46925100000000003 4.244992 48.090931999999995
2.685699 4.61126 47.391828000000004
-3.080125 4.571703 -4.779333
3.8339230000000004 4.517495 46.634024000000004
-5.2565729999999995 5.291053 -2.0362910000000003
-5.2565729999999995 5.291053 44.43532
-3.040125 4.375383 47.242402
-2.0766050000000003 5.647066 -4.501828
2.356291 1.351475 47.973525
-5.585981 5.880013 41.905744
-5.585981 5.880013 0.487947
5.456259 5.567952 43.613476
5.456259 5.5694170000000005 -1.209109
-4.6624609999999995 5.551836000000001 45.150432
3.055107 4.653747 -4.773997
-4.8471649999999995 6.609618 40.854423000000004
-2.630717 5.921034 -3.7760420000000003
5.086851 6.335649999999999 42.418064
-5.0718689999999995 6.451390999999999 41.622902
5.126851 5.550371 -2.020282
5.126851 5.550371 44.419311
-3.9636449999999996 4.7606969999999995 46.44724
-5.417748 6.153981 41.526842
4.556268 5.932755 44.686144
-5.602452 5.800899 0.061014
-5.602452 5.800899 42.332677000000004
-3.3860040000000002 5.107919 -4.341728
-0.021332 4.189318999999999 48.112278
4.371564 5.071293000000001 45.908238000000004
0.8621880000000001 5.147476 47.696019
5.335083999999999 5.02441 -2.0362910000000003
-4.823636 6.621339 40.45951
1.8257079999999999 4.258178 47.813424999999995
5.19038 5.736435 44.013725
-3.900116 6.8967730000000005 3.0708889999999998
2.628053 4.328501 -5.078186
-1.989547 -7.778854 37.012031
4.659797 2.221727 46.233774
0.002197 5.207544 -5.3129990000000005
0.002197 4.738721 -5.579832
-5.723627 5.398004 0.194432
-5.683627 -7.755413 43.544098
-3.731883 6.892377 39.408189
-5.908331 3.373274 43.517416
-4.800107 6.611083 41.142603
-1.700139 5.7291099999999995 46.890184000000005
-1.660139 5.74083 -4.485817
-1.660139 5.32182 -4.992799
1.6245329999999998 5.453676 -4.875393
-0.511915 4.196645 48.090931999999995
2.812757 6.033845 45.758812
4.86803 5.6104389999999995 -2.383175
4.86803 2.365304 -3.557238
-2.006018 -7.778854 47.872128000000004
0.21043 5.6880880000000005 -4.779333
-5.555394000000001 5.31889 -1.203773
4.683326 6.655036 1.363159
2.242174 4.576098 -5.2009300000000005
5.606846 -7.701205 43.917665
-3.4436500000000003 4.419336 46.964897
-1.227202 5.437561 47.386492000000004
5.382142 6.196468 0.8561759999999999
-2.60013 4.930646 47.306442
4.313918 5.235381 -3.4611780000000003
-4.736578000000001 5.985498 44.323251
-1.4119059999999999 1.225479 48.288387
5.197438 6.383997 1.2244059999999999
0.579838 5.597254 47.290431999999996
0.619838 0.917813 -6.012102
3.90451 1.931643 -4.603224
-3.997762 6.020658999999999 -2.687363
3.598631 -7.778854 46.97557
-5.491865 -7.778854 44.259211
-5.451865 5.230986 -1.60936
-3.235417 5.3130299999999995 46.698064
4.522151 6.73708 40.400808
3.4539269999999997 4.62005 46.916866
5.445671 5.235381 44.024398
5.445671 5.236846 -1.6200329999999998
-3.564825 1.785136 -4.88073
5.220967 2.573345 45.41193
5.260967 6.319534 41.585546
-6.005977 3.8084 42.43941
-3.789529 5.906383 45.513325
-4.857753 -7.758342999999999 45.598712
2.8998150000000003 -6.359199 -5.07285
5.116263 6.448460000000001 40.998514
4.891559 2.362374 45.929585
5.999783 3.922676 42.199262
-5.267161 6.313674 0.7974729999999999
-0.95544 5.613369 -4.827363
-5.65304 2.955729 44.472677
5.653904 2.945473 44.478013
-5.61304 5.104989 -1.134396
1.076304 5.923965 -4.181628
5.4692 6.010403999999999 42.364697
5.4692 6.011869 0.034332
1.999824 5.474188 47.141006000000004
-3.726 4.70649 46.682053
-3.9907039999999996 6.886517 39.290782
-5.018928000000001 6.508527999999999 41.233326999999996
-2.80248 5.403864 -4.464471
-4.175408 4.552657 46.308487
5.677433 5.488838 42.738262999999996
4.424505 4.606865 46.020307
0.875129 5.8272699999999995 46.868837
1.983353 -6.359199 -5.499783
4.199801 5.906383 45.139759
-0.562503 -7.701205 48.213674
3.564514 1.785136 47.279759
-2.24131 4.576098 47.599959
-4.417758 -7.701205 46.201754
-5.750686 3.099306 -1.774795
5.556258 5.317425 43.602802000000004
-5.710686 -6.359199 -1.054347
4.488034 6.4396700000000004 42.839661
-0.209566 5.6880880000000005 47.178362
4.26333 4.691839 46.185745
4.30333 6.800078 2.350441
-1.462494 1.386636 48.267041
5.18685 2.190961 -3.06093
-4.93187 6.490946999999999 0.535978
2.785698 1.606397 -5.366365
-5.196574 6.383997 41.174623
-1.831902 4.262573 -5.414396
1.49277 4.223016 -5.521129
-5.381278 6.173026999999999 0.429245
3.789218 5.906383 -3.114296
-0.9083819999999999 4.505775 47.989534
-1.029557 1.1976419999999999 -5.969409
3.178635 7.009583 38.511632
-1.6236690000000003 5.9459409999999995 -4.016191
-5.173045 4.866183 44.840906000000004
5.065675 6.479227 1.176376
-1.808373 4.71821 -5.3129990000000005
0.44807500000000006 4.489659 -5.649209
5.989195 3.626732 42.903701
5.989195 3.615011 -0.510008
4.920971 5.008294 -2.831454
-5.502453 -7.701205 44.269884
-2.668364 5.814084 46.388538000000004
4.02098 6.189142 44.520706
2.648052 5.761342 -4.090904
-4.145995999999999 5.53279 45.742802999999995
-3.037772 6.971491 38.810485
4.719796 5.781853 44.744846
-4.3707 5.071293000000001 -3.509209
-1.006028 -6.359199 -5.761278
2.2786440000000003 4.291874 47.642652000000005
3.4268680000000002 6.007474 -3.130307
3.4268680000000002 4.892554 -4.437788
3.265693 6.999328 38.452926999999995
2.1974690000000003 4.898414 -5.099532
-5.784803 -7.701205 42.812977000000004
-5.784803 -7.701205 42.071182
-4.676579 4.945296 -3.2103560000000004
-4.676579 4.935041 45.614723
-2.420131 7.0930919999999995 37.876568
-6.009507 3.7966800000000003 -0.040381
-2.684835 -7.701205 47.583948
-4.861283 -7.701205 45.604049
-5.045986999999999 5.8975930000000005 -1.5933490000000001
-5.045986999999999 5.8975930000000005 43.992378
-5.005987 6.095378 43.576118
-3.897763 -7.758342999999999 46.730084
-0.573091 -7.755413 48.208338
-4.122466999999999 6.124679 44.670133
-1.9060190000000001 1.291407 -5.745269
-0.982499 5.606044000000001 47.231728000000004
-5.721274 5.280798 42.69557
5.58567 5.721785 42.764948000000004
-2.356602 1.351475 -5.574496
-0.40485800000000005 5.418515 -5.115543000000001
-2.5813059999999997 5.921034 46.196418
4.0680380000000005 5.651461 45.673425
-5.022457999999999 6.511458 40.811730000000004
-5.022457999999999 -6.359199 -2.948861
5.176262 4.8383460000000005 44.840906000000004
-4.982458 6.392788 42.391381
4.9515579999999995 5.787713 -1.9829260000000002
-3.175418 5.481513 -4.170955
-3.175418 1.534609 -5.147563
-4.243642 5.72618 45.406592
-4.468346 5.7833179999999995 45.070383
-3.3201219999999996 -7.701205 47.199708
5.50567 2.8165470000000004 44.846244
-4.8142249999999995 5.288123000000001 45.203799000000004
-2.5977770000000002 4.930646 -4.907413
-4.734225 5.984032 -1.9295590000000002
2.983343 4.964342 47.087638999999996
2.983343 4.961412 -4.68861
-1.8189609999999998 7.135579 37.52435
2.653935 5.6441360000000005 46.666044
-2.003665 -7.701205 47.888138000000005
4.605679 5.151872 -3.1836740000000003
-3.256593 5.339401 -4.256342
-4.7506960000000005 6.625734 1.2671
3.006872 -7.778854 37.508339
3.046872 5.922499 -3.567912
5.30332 5.973777 43.202552
3.930392 5.795038 -3.1890099999999997
5.078615999999999 6.448460000000001 0.7867999999999999
-3.9718799999999996 1.792461 -4.555195
-5.3048079999999995 5.975242 43.197216
6.002136 3.619406 -0.333899
4.933912 6.32979 42.839661
-3.0483599999999997 5.923965 45.961605
-4.4212880000000006 6.208188 44.093775
4.709208 4.687444 45.646743
-5.449512 -6.359199 -2.030955
-2.1648400000000003 5.890268 -4.026864
3.41628 4.883763 46.84749
-3.4577679999999997 4.62005 46.91153
-3.6824719999999997 1.7045569999999999 47.194373
3.070401 6.121749 45.257166
-5.9800949999999995 4.035487 0.535978
1.7774729999999999 4.872043000000001 -5.254296
-5.096575 6.152516 -0.8035230000000001
1.592769 5.513745 47.215719
3.8092170000000003 5.899058 45.513325
4.917441 5.00683 45.235819
3.3998090000000003 1.770485 -4.992799
2.331585 -7.778854 47.738712
4.363329 4.756302 -3.658636
5.471553 5.761342 -0.7928499999999999
-0.415446 5.418515 47.514572
-1.48367 1.3881020000000002 -5.862676
5.125674 5.080083 44.840906000000004
5.165674 5.959126 -1.198436
-1.708374 5.179708000000001 47.493226
-5.2177500000000006 -7.755413 44.952977
3.9127460000000003 1.933108 46.996916999999996
-4.294230000000001 5.213404 -3.493198
1.28689 5.160662 47.610632
4.571562 2.067895 46.345844
-5.587158 5.72325 42.764948000000004
-0.006038 5.415585 47.530581
-0.006038 4.483799 -5.665218
3.278634 6.999328 4.004804
-5.771862 -7.778854 42.807641000000004
3.358634 6.096843 -2.884821
-4.888342 6.511458 41.831031
-4.888342 6.583247 1.304455
1.864531 1.2650359999999998 -5.761278
-3.901293 6.895307000000001 39.301456
-5.194221000000001 6.269722 -0.008360999999999999
-5.194221000000001 6.271187 42.402055
-4.085997 5.985498 45.081057
5.044499 -7.778854 39.616319
-2.937773 5.115245 -4.62457
-2.937773 5.11671 47.023599
-0.721325 1.35001 -6.001429
-3.1624770000000004 4.381244 -4.763324
-4.230701 6.830844 2.697323
-3.122477 5.6206949999999996 46.436567000000004
0.20219499999999999 5.592858 -4.923423
-4.415405 4.880833 -3.557238
-3.307181 1.584421 47.461206
0.017491 1.307523 48.448487
3.382163 5.12257 -4.331055
4.490387 5.365772 45.561355999999996
3.1174589999999998 5.603114 46.463251
4.305683 5.314495 45.806841
5.292732 6.256536 41.991130999999996
5.292732 6.258001 0.41857099999999997
-4.022468 6.187678 -2.127015
4.883324 6.03824 43.960358
4.883324 6.587642000000001 1.3524859999999999
-0.8825 4.202505 -5.649209
4.65862 5.550371 45.155770000000004
5.766844 3.115421 -1.721429
-5.4601 6.082192 41.943101999999996
-4.61658 6.13054 -1.7107549999999998
-1.2919079999999998 5.160662 47.610632
-2.3601319999999997 5.775992 -4.186964
5.66214 5.282263 43.159859
0.9645400000000001 5.701273 -4.693948
2.112764 5.203149 -4.94477
-5.869508 3.18135 43.736218
-2.584836 7.076976 37.860559
-4.721284 5.781853 44.739509999999996
3.983333 4.71821 46.457913
3.6139249999999996 -7.778854 37.929935
-5.476571 4.9804580000000005 44.077764
4.762149 4.691839 -3.173
-3.444827 4.848602 -4.448461
5.420965 6.12761 0.439918
5.460965 2.646598 44.952977
5.500965 5.011225 43.981705
-4.657755 5.550371 -2.756741
4.128037 6.323929000000001 -1.331853
-4.962459 4.763628000000001 -2.8474630000000003
-4.882459 6.03824 -1.561329
-2.666011 -7.778854 37.31622
-2.666011 5.6441360000000005 46.655371
-3.89541 -7.778854 46.719411
-0.610738 5.815549 46.922204
3.822158 4.482334000000001 -4.256342
-4.264818 4.672793 -3.792051
4.560974 6.34151 43.362652000000004
4.560974 6.5070630000000005 0.071688
4.560974 5.93422 -2.2764409999999997
-4.529522 6.735613999999999 1.987548
4.600974 2.190961 -3.904122
4.600974 6.643314999999999 1.123009
-5.557746 5.315959 43.597465
-1.12485 5.988428 46.271131
-0.016626 1.307523 -6.049458
5.259790000000001 6.320999 0.824156
0.906894 4.505775 -5.590504999999999
3.123342 5.988428 45.758812
4.231566 6.830844 39.701705999999994
-1.494258 4.221551 47.920158
4.006862 6.019194 45.075719
4.953911 6.293163 -0.574047
-5.204809 2.566019 45.438612
-5.164809 5.959126 43.597465
5.033911 -7.778854 45.294523
0.376311 5.695413 47.157015
-3.317769 -7.756878 47.189035000000004
1.075127 5.984032 46.308487
-5.798921 -6.359199 -0.045719
4.399799 4.826626 45.993625
5.548023 2.749153 -2.35649
-4.610697 6.655036 1.256426
5.363319 -7.759809 44.62744
-3.727177 -6.359199 -4.491155
4.070391 1.836414 -4.4698080000000004
-5.020105 5.352587000000001 -2.431204
-3.9118809999999997 1.936038 -4.597888
-2.803657 5.400934 46.868837
5.98096 4.035487 41.863051
-3.109536 1.6591399999999998 -5.184919000000001
0.175136 -7.778854 48.229685
-4.442464 -6.359199 -3.7760420000000003
5.7962560000000005 -7.701205 42.450084
1.1386560000000001 1.342684 48.341753999999995
4.423328 1.990246 -4.117588
4.463328 5.781853 45.075719
4.463328 6.726824000000001 40.65163
0.913952 -7.755413 48.165645
-4.811871999999999 5.286658 -2.810107
-2.595424 6.866005 2.788047
-4.771872 6.177422 43.736218
-5.18128 2.434163 -3.09295
-5.342455 5.494699 -1.625369
-5.302454999999999 5.973777 -0.8035230000000001
-4.194230999999999 2.009292 46.740757
-3.046007 5.748156 46.303151
-5.487159 -7.7803189999999995 40.614274
2.085705 5.655857 46.87951
4.382153 2.098662 -4.154944
4.117449 6.12761 -2.271104
-6.001271 3.927071 42.193924
-6.001271 3.619406 42.732928
-1.568375 5.850711 -4.293697
5.040969 -7.759809 45.294523
-4.009527 5.767202 -3.173
-3.062478 5.712994 -3.946815
-5.50363 2.8165470000000004 44.846244
-4.315406 6.088053 -2.191055
-1.030734 1.3338940000000001 48.357765
2.373938 5.771597 46.591331000000004
2.373938 5.499094 46.970233
-3.61659 1.675256 -4.84871
-4.684814 6.687266999999999 2.062261
0.816306 5.424375 47.466541
1.92453 1.297267 48.138961
-4.909518 2.261285 -3.509209
1.7398259999999999 5.636811 -4.62457
-5.094222 6.394252 42.012477999999994
-2.797774 1.4511 -5.366365
1.635122 -7.778854 47.994872
-0.9272050000000001 4.505775 -5.5851690000000005
0.18101899999999999 -7.701205 48.240358
-3.3683570000000005 5.125500000000001 46.740757
-0.003685 4.983388 47.861453999999995
-1.296613 -7.778854 48.085594
-1.296613 -7.759809 48.090931999999995
0.919835 4.835416 47.866792000000004
0.919835 -7.701205 48.170981000000005
5.312730999999999 6.085123 -0.397938
5.312730999999999 6.085123 42.796968
4.2445070000000005 5.72618 -3.0075629999999998
5.128027 5.080083 -2.441877
-5.215397 -7.778854 44.947639
-5.215397 5.909314 -1.209109
2.380996 5.500559 -4.565868
1.352772 5.619229 47.146343
4.677444 6.467506 -0.115095
-2.196604 4.898414 47.498561
2.2762919999999998 5.985498 -3.717338
3.119812 5.6236250000000005 -4.0375380000000005
-4.78246 2.174845 46.084347
2.935108 6.110029 -2.954196
5.191556 5.737901 -1.60936
-4.967164 4.794394 45.230483
-4.967164 6.359091 -0.227165
-5.191868 5.737901 44.008389
5.006851999999999 6.096843 -1.177089
4.782148 2.174845 -3.685318
0.429252 5.138686 47.749385
-5.497747 -7.759809 44.264548
0.0033729999999999997 4.983388 -5.462425
-5.7224509999999995 5.293984 -0.253848
-2.397779 1.36466 47.957514
0.926893 4.505775 47.984198
1.006893 -6.359199 -5.761278
-5.907155 3.404041 -1.1077139999999999
-2.582483 1.166876 47.861453999999995
-2.5024830000000002 5.232451 47.162353
0.8221890000000001 5.42584 -5.067512
-5.1283389999999995 5.077153 -2.441877
0.452781 4.826626 -5.526465
-3.136595 5.998683 45.721455999999996
-5.3130429999999995 6.085123 -0.397938
-5.3130429999999995 6.085123 42.796968
4.885677 6.039705 -1.555993
-0.9201469999999999 4.835416 -5.467763
-4.365994 6.794218000000001 39.808439
3.4715740000000004 4.80172 46.84749
3.062166 5.712994 46.345844
-4.920106 5.008294 45.230483
-3.771882 6.0646119999999994 45.139759
-5.0648100000000005 2.347724 45.678763000000004
0.43631 5.138686 -5.350356
-1.7401380000000002 5.636811 47.018264
-0.8166180000000001 5.424375 -5.067512
5.711551 -6.359199 -1.054347
-4.447169 6.33272 -1.113049
-3.603649 5.976707 -3.098287
-4.856577 6.335649999999999 42.967741
-0.463681 4.495519 -5.643872
1.832767 4.461823 47.776068
6.000959 3.9241409999999997 0.194432
-1.138968 1.342684 -5.942725
4.442152 -6.359199 -3.7760420000000003
3.109224 1.6591399999999998 47.583948
0.9327759999999999 -7.778854 36.73986
-2.6566 5.6441360000000005 -4.261677
-2.5766 7.079907 4.426401
5.180968 2.434163 45.491979
0.523368 1.15955 48.432478
-0.544856 -7.778854 36.686493999999996
1.486888 1.3881020000000002 48.261705
-5.38716 6.107098 0.018321
-5.38716 5.6880880000000005 -1.2144469999999998
4.81156 5.286658 45.209136
0.15395999999999999 5.906383 46.708737
2.289233 4.327036 -5.23295
-4.584815 2.076685 -3.930805
5.164497 5.959126 43.602802000000004
5.204497 2.566019 -3.039583
1.655121 -7.778854 36.905297999999995
1.655121 5.737901 46.884846
5.019793 5.352587000000001 44.830233
-4.070703 1.836414 46.868837
-1.9989590000000002 5.474188 -4.741977
1.3257130000000001 4.217155999999999 47.957514
4.610385 6.7136379999999996 40.139312
-5.548335 2.749153 44.75552
-4.440111 6.211119 -1.668062
-3.331887 5.077153 46.804797
5.597434 -7.778854 40.98784
5.597434 -7.755413 43.923002
-4.561286 6.5070630000000005 42.327341000000004
-4.561286 5.93422 44.67547
-3.4530619999999996 4.518961 -4.544521
-4.521286 5.3569819999999995 45.529336
3.236282 5.326215 -4.288361999999999
-1.381318 4.523356 -5.494445
4.159802 -7.701205 46.484598
5.308026 5.803827999999999 -1.209109
0.610426 5.815549 -4.523175
-2.89895 -6.359199 -5.07285
-5.340102 6.149586 42.386044
-3.123654 5.988428 -3.359783
-5.260102 6.320999 41.574873000000004
4.938618 6.564201 40.854423000000004
3.56569 6.102703 45.150432
-5.484806 5.504954 -1.2144469999999998
4.713914 6.634524999999999 41.153276
2.272762 5.717389 -4.3203819999999995
2.1115869999999997 1.486261 -5.665218
2.191587 4.898414 47.498561
-4.722461 6.4396700000000004 -0.232501
5.476259 4.9804580000000005 -1.6787349999999999
-2.6907170000000002 -7.759809 47.573274999999995
3.998627 4.722606 -4.0428749999999996
-3.983645 4.71821 -4.058884
1.637475 -7.758342999999999 48.000208
4.962147 4.763628000000001 45.246491999999996
-5.461277 2.646598 -2.553948
4.552739 6.1012379999999995 -1.876193
-5.767156 3.115421 44.120458
0.8821880000000001 4.202505 48.048238
-1.29426 -7.701205 48.096267
4.24686 6.309278999999999 43.784248999999996
-3.880116 -7.778854 38.159411999999996
0.51278 4.186389 -5.691903
4.985676 6.394252 0.018321
5.8691960000000005 3.18135 -1.3371890000000002
-2.113076 5.203149 47.343799
-5.357748 4.993644 -1.998935
-0.964852 5.701273 47.092977000000005
1.291596 5.160662 -5.211603
-4.514228 6.707778 40.774374
-4.474228 6.077797 44.440657
-0.0013319999999999999 5.207544 47.712028000000004
-0.0013319999999999999 4.738721 47.978861
5.4597880000000005 6.082192 41.948437999999996
-4.698932 6.306348000000001 -0.958287
4.230389 1.903807 46.714073
0.721013 1.35001 48.400458
5.193909 6.271187 -0.003026
1.644533 -7.701205 48.005545
3.900981 6.000148 -2.810107
5.009205 6.520249 1.608646
-1.864843 1.2650359999999998 48.160307
4.824501 6.255070999999999 43.378663
-4.265995 6.792752 2.2437080000000003
-5.334219 5.02441 44.43532
-3.1177710000000003 5.601649 -4.064222
-2.009547 5.474188 47.135670000000005
-4.490699 4.61126 45.945594
-4.490699 5.365772 -3.1623270000000003
5.748021 -7.701205 43.197216
-4.410699 -7.778854 46.19108
5.7880210000000005 -7.755413 42.455421
3.306869 6.902633 39.32814
3.306869 1.584421 -5.062177
5.603317 5.800899 42.338015
5.603317 5.800899 0.06635200000000001
-0.202507 5.592858 47.322452
-2.58013 6.079262 -3.1836740000000003
-5.824802 2.864894 -1.48128
2.9609900000000002 1.623978 -5.270306000000001
3.00099 -7.701205 47.407839
3.04099 5.751086 -3.8987849999999997
3.04099 4.375383 -4.843373
5.0727340000000005 6.4499249999999995 41.633576
0.415134 5.418515 -5.115543000000001
-4.242466 5.398004 45.796168
-3.054242 4.653747 47.173026
-5.495394 6.03238 0.45592699999999997
0.005725999999999999 5.415585 -5.131552
0.005725999999999999 4.483799 48.064247
5.586846 5.880013 41.911082
5.586846 5.72325 -0.365919
-5.680098 -7.778854 43.544098
4.518622 5.3569819999999995 -3.135643
-1.287202 5.160662 -5.211603
4.2539180000000005 5.399469 -3.386467
4.293918 5.213404 45.892227000000005
4.1727430000000005 4.542402 -3.909458
4.1727430000000005 5.516674 45.742802999999995
-4.917752999999999 5.00683 -2.83679
-5.985977 3.500735 -0.5793849999999999
3.9480389999999996 5.7833179999999995 45.598712
2.8798150000000002 5.266147 46.94355
2.8798150000000002 5.266147 -4.544521
5.096263 6.152516 43.202552
-1.7777850000000002 4.872043000000001 47.653325
2.6551109999999998 4.61126 -5.0034719999999995
-4.178937 5.528395 -3.327763
-0.854265 7.175136 37.225497000000004
1.362183 4.850067 47.776068
-5.471865 5.761342 43.191879
-2.187193 7.109208000000001 4.735927
-0.9989690000000001 4.202505 48.026892
5.610375 5.825805 0.49861999999999995
5.690375 5.575277 0.093034
5.304496 5.975242 -0.798187
5.1597919999999995 6.211119 42.807641000000004
2.7186399999999997 1.5785609999999999 47.797413999999996
2.493936 1.521423 -5.510456
1.465712 1.231339 48.272377999999996
-4.3001119999999995 6.800078 40.048588
-0.93544 5.707134 -4.68861
3.4574559999999996 4.62005 -4.512501
-5.63304 5.403864 -0.776841
-5.59304 5.0756879999999995 43.629485
-2.268368 4.571703 -5.195592
2.164528 7.109208000000001 37.764499
-0.01192 7.186857000000001 37.161457
5.4492 -6.359199 -2.030955
4.380976 2.101592 46.553973
4.380976 5.5562309999999995 -3.0822760000000002
-4.7095199999999995 4.687444 -3.247714
-5.777744 -7.758342999999999 42.060508
1.939824 5.874152 -4.138935
-1.466023 1.231339 -5.873349
2.7421689999999996 4.335826 47.413175
2.7421689999999996 5.528395 -4.368411
-5.160103 6.211119 -0.40861200000000003
1.449241 7.15316 4.976076
2.5974649999999997 5.918104 46.196418
-4.276583 4.741651 46.153725
4.629209 -7.778854 45.913574000000004
5.737433 -7.778854 41.718962
-1.3613190000000002 4.850067 -5.377039
-4.605991 5.151872 45.582703
5.592728999999999 -7.778854 43.923002
5.592728999999999 5.0756879999999995 -1.230456
-2.654247 4.61126 47.402502
-3.8436459999999997 5.862431 -3.151654
5.022146 5.354052 -2.425868
5.022146 -6.359199 -2.948861
-1.8519020000000002 4.2992 47.802752
3.729218 4.700629 -4.283024
5.985666 4.006185 0.450591
5.985666 3.503666 42.973076999999996
5.720962 5.280798 -0.296541
-5.505982 5.000969 -1.5720020000000001
-5.505982 5.959126 0.039668
-5.7706859999999995 -7.778854 42.065844000000006
3.35981 6.019194 45.545345
4.468034 5.7833179999999995 -2.671354
-5.6906859999999995 -7.701205 43.549436
3.135106 5.998683 -3.327763
3.1751059999999995 7.009583 3.887397
-5.91539 3.29709 -1.09704
-4.767166 6.53783 0.49861999999999995
0.733954 7.173671 37.166793
5.045675 5.8975930000000005 -1.5933490000000001
5.045675 5.8975930000000005 43.992378
2.869227 1.467215 -5.32901
-5.1130450000000005 6.4499249999999995 1.187049
-5.0730450000000005 6.4499249999999995 0.765454
3.752747 6.893842 2.9908400000000004
2.684523 7.071116 4.399717
-4.229525 1.903807 -4.315043999999999
6.009195 3.8010750000000004 42.434075
-0.864853 5.147476 47.696019
4.676267 4.945296 45.609385
4.676267 4.935041 -3.215694
5.784491 -7.778854 42.455421
5.824491 2.864894 43.880309000000004
4.491563 6.759055 2.307748
-5.667157 5.6646469999999995 0.525305
-5.667157 5.6646469999999995 41.868389
-5.667157 5.250032 43.170532
0.982187 5.606044000000001 -4.832699
4.8845 6.511458 0.546651
-5.418924 6.152516 0.8615130000000001
4.779796 6.646245 40.646294
-4.3107 5.228055 45.865545000000004
-4.720108 5.781853 -2.3458170000000003
4.410388 4.888159 45.956267000000004
4.410388 6.206724 -1.7107549999999998
4.145684 5.534255 -3.3437729999999997
2.009236 5.474188 -4.736641
5.293908 6.193538 42.396717
-4.864812000000001 5.6104389999999995 -2.38851
-4.864812000000001 6.2330950000000005 -0.990307
1.623357 5.9459409999999995 46.415220000000005
2.771581 5.465397 46.815470999999995
-3.178947 7.009583 38.511632
3.470397 4.82223 -4.437788
5.726845 5.381888 0.157074
1.9927650000000001 4.2288760000000005 -5.3610299999999995
5.277437 6.3078129999999994 41.153276
-5.989507000000001 3.6164759999999996 42.903701
0.9245410000000001 1.174201 -5.985418
0.9245410000000001 5.712994 47.076966
-4.841283 -7.778854 39.280109
5.357437 4.989248 44.397964
-0.448387 4.495519 48.042901
1.8080610000000001 4.71821 47.712028000000004
5.172733 4.867647 -2.441877
-5.187162 2.190961 45.459959
1.462182 1.386636 -5.868011
0.209254 7.185392 5.226898
4.64215 -7.701205 45.918912
5.750374 3.099306 44.173824
-3.300122 -7.778854 37.695122
-2.191898 4.898414 -5.099532
3.3092219999999997 5.146011000000001 46.772777
4.417446 4.889624 -3.5519019999999997
5.340966 6.149586 0.012985000000000002
-5.308337 5.803827999999999 43.608138000000004
-0.915441 1.174201 48.384447
-1.983665 -6.359199 -5.499783
5.733903 -7.778854 43.197216
1.381007 4.523356 47.893474000000005
4.665679 6.54955 41.943101999999996
-3.316593 -7.778854 47.183699000000004
-4.384817 1.979991 46.553973
3.3327509999999996 5.077153 -4.405768
4.440975 6.211119 44.067091000000005
-4.609521 6.7136379999999996 40.406144
-5.677745 5.488838 -0.33923400000000004
5.364495 -7.778854 40.283401000000005
4.913912 6.539294 41.494822
-5.244808 6.293163 0.402561
1.364536 4.523356 -5.499783
-5.469512 6.011869 42.364697
4.729208 6.206724 -1.310507
4.729208 6.438205 42.63153
-1.076616 5.923965 46.580656999999995
-3.213064 7.012512999999999 3.9461019999999998
1.219832 5.436096 47.386492000000004
5.612728000000001 5.102059 43.533425
-5.654216 2.945473 -2.078984
5.652728 2.955729 -2.0736480000000004
-3.437768 4.864718 46.842152999999996
-0.153096 5.906383 -4.3097080000000005
-2.289544 4.280154 -5.238286
-2.289544 4.327036 47.631979
2.103352 1.478936 48.069585
-5.983624 3.6531029999999998 -0.510008
-0.5225040000000001 1.15955 -6.033449
-5.100104 6.391323 0.381214
5.098616 6.153981 -0.7928499999999999
-5.445983 5.236846 44.019062
1.283361 5.83606 -4.384421000000001
-3.8236470000000002 4.482334000000001 46.650033
-6.000095 3.922676 0.199767
5.306849000000001 5.802364 43.613476
-4.851871 -7.778854 45.593376
-2.8201270000000003 1.6034670000000002 47.749385
0.464545 4.495519 48.042901
1.5727689999999999 5.852176 46.687391
6.0056650000000005 3.770309 -0.115095
4.937441 6.433809 42.257964
-5.221279 2.573345 -3.0129010000000003
-1.936607 5.874152 46.537963999999995
2.599818 4.930646 -4.907413
1.22689 5.437561 -4.987463
2.335114 -7.755413 47.744048
4.631562000000001 -7.756878 45.924247
-4.418934 4.860322 45.961605
-3.3107100000000003 5.1430810000000005 -4.379084
4.366858 5.12257 -3.487863
-4.868342 5.6104389999999995 44.782204
5.370378 -7.701205 44.62744
-0.435446 5.138686 47.749385
-5.23775 6.345905 1.23508
1.676298 7.138509 37.39627
3.892746 6.895307000000001 3.097573
3.892746 6.898237 39.32814
1.411594 1.225479 -5.889358
-0.7648539999999999 5.979637 -3.946815
-1.8330780000000002 4.461823 -5.377039
4.7362660000000005 5.985498 -1.924222
2.398643 1.36466 -5.558485
-4.660108999999999 6.23456 43.698862
-4.660108999999999 2.221727 -3.834745
5.538611 5.959126 41.489487000000004
-5.688333 5.198754 -0.670107
-2.628365 4.328501 47.477215
4.285683 6.03824 -2.35649
-0.371917 5.648530999999999 -4.838037
2.9927550000000003 -7.756878 47.402502
-2.813069 6.033845 -3.359783
-4.949517 5.7862480000000005 -1.988262
-1.624845 5.453676 47.274422
1.659827 5.32182 47.391828000000004
1.699827 5.7291099999999995 -4.491155
-5.174220999999999 4.829556 -2.4472150000000004
5.064499 2.347724 -3.279734
2.5833470000000003 1.166876 -5.462425
5.9080189999999995 3.373274 -1.118387
-4.210701 5.900523 45.139759
2.5021720000000003 5.232451 -4.763324
3.3856919999999997 5.107919 46.740757
-2.380132 5.500559 46.964897
-4.556579999999999 5.932755 -2.287115
3.160988 4.379778 47.162353
-2.70954 1.575631 -5.403723
-4.885988 6.039705 43.955022
-5.190692 5.736435 -1.614695
-0.453092 4.826626 47.925494
5.048028 -7.701205 45.294523
4.8233239999999995 6.524644 41.884398
0.470428 4.826626 47.925494
-4.187172 5.912243999999999 -2.746068
-0.8625 5.147476 -5.29699
-0.8225 5.42584 47.466541
2.3409969999999998 -7.701205 47.749385
5.665669 5.669042 0.535978
-3.384827 1.76316 47.402502
-2.276603 5.985498 46.116367000000004
1.0080689999999999 1.196177 48.373774000000004
-0.244859 7.182462000000001 5.274928999999999
4.148037 -7.778854 46.47926
5.256261 5.291053 -2.0362910000000003
5.256261 5.291053 44.43532
-3.8342349999999996 4.517495 -4.234995
3.079813 4.650817 47.157015
-2.686011 4.61126 -4.992799
-0.469563 4.244992 -5.691903
-0.469563 4.826626 -5.526465
-0.429563 5.138686 -5.350356
-5.1271629999999995 5.080083 44.840906000000004
-5.1271629999999995 5.550371 -2.020282
-5.1271629999999995 5.550371 44.419311
4.966853 4.794394 -2.831454
4.662149 5.551836000000001 -2.751403
-5.456571 5.5694170000000005 43.608138000000004
5.689198 5.576743 42.305995
1.031598 1.3338940000000001 -5.958736
-5.80245 3.1461879999999995 -1.604022
5.504494 2.815082 -2.4472150000000004
-3.546002 6.889447 2.969493
-1.329554 4.217155999999999 -5.558485
4.2115659999999995 5.901987999999999 -2.735394
5.31979 2.535253 -2.83679
1.8104140000000002 4.546797000000001 -5.366365
5.095086 6.394252 0.381214
5.095086 6.392788 42.028488
-1.7389620000000001 5.028805 -5.184919000000001
4.950381999999999 5.7862480000000005 44.387291
-3.0318899999999998 4.809045 -4.731304
-3.0318899999999998 5.815549 -3.792051
3.617454 1.675256 47.247739
-3.176594 5.497629 46.548637
0.026903000000000003 4.1819939999999995 -5.718585
-5.778921 -7.761273 42.807641000000004
5.528023 5.984032 0.47193799999999997
-2.3742490000000003 5.499094 -4.571204
5.343319 5.494699 -1.625369
5.343319 5.494699 44.024398
-0.382505 1.1639460000000001 48.443151
-3.931881 1.933108 46.980906
-3.931881 5.796503 45.588039
-5.224809 -7.701205 44.958313
2.797463 1.4511 47.765394
-3.008361 4.888159 47.108986
3.6809830000000003 1.7045569999999999 -4.795344
0.131607 5.819944 46.94355
4.604503 5.151872 45.588039
-2.269545 5.717389 46.724746
