674
-0.881856 -5.007887 13.237210999999999
3.8688640000000003 -2.084372 10.602966
1.9768959999999998 -5.4617949999999995 7.163765
-3.67744 0.42395499999999997 5.358665
-3.67744 5.267437 10.669698
-3.67744 -0.5645319999999999 5.358665
-2.234583 -4.917535 12.630784
-3.327703 -5.362839 9.888933
3.1046810000000002 -5.160623 11.364545
1.212713 5.267437 13.489959
-0.489751 5.269588 6.2295169999999995
-2.6759910000000002 -5.662934 10.177548999999999
-1.414935 -4.779857 13.176318
0.658834 5.269588 6.255376
-2.11595 5.270664 6.852627
0.9531059999999999 -5.292924 12.979458999999999
0.154258 -5.614532 12.550706
-3.1251019999999996 -4.53892 11.791629
-3.5241420000000003 5.313689 8.947178000000001
-3.5241420000000003 5.313689 10.939962
-3.650478 -4.693808 9.626176000000001
-3.356206 -5.263882000000001 9.062291
2.571602 5.277118 7.238839
-1.1776689999999999 -5.581188 12.424749
1.7650510000000001 5.270664 6.639919
2.543099 -4.718547 12.46312
0.651131 -5.5715069999999995 6.706651
2.332795 -5.624212 7.922841999999999
1.239675 -5.073499 13.082059
-1.850181 5.271739 6.686631
-3.7421490000000004 -0.31499 5.3594990000000005
-2.060485 -1.357259 13.295602
2.690235 -1.4594420000000001 12.814297
-3.153605 -4.8648299999999995 8.067984000000001
-1.353308 5.267437 6.448899
-3.539548 -5.0713479999999995 9.527745999999999
-2.951004 -4.964862 11.843346
0.118052 -0.8043939999999999 13.867828
-2.656732 -5.356385 7.7051289999999995
2.472228 -1.5110709999999998 12.996141999999999
-3.560348 1.10912 5.3594990000000005
-0.701596 5.313689 6.348801
-0.701596 5.313689 13.538338999999999
1.064036 -5.500517 6.715827000000001
-0.029084 -4.892796 13.464100000000002
1.946852 -4.461476 12.9878
-0.53366 -4.910006 13.364835999999999
3.4182120000000005 -5.263882000000001 9.525243999999999
-1.6475799999999998 -5.613456 12.066899000000001
1.3298050000000001 -5.671539 11.914249
1.3298050000000001 5.277118 13.433236
-1.9495550000000001 -5.500517 12.166997
2.002317 5.267437 6.775051
-0.772467 5.273891 6.2804009999999995
-3.147443 -1.7606130000000002 12.298792
-3.063475 -5.53171 9.125686
-3.063475 -5.377897 10.987509
0.6780930000000001 -5.502668 6.607387000000001
-3.302282 -5.355309 10.231769
3.7186459999999997 0.42288 5.3594990000000005
-1.8309220000000002 5.313689 6.771715
-1.8309220000000002 5.313689 13.115425
2.625526 5.313689 7.389819999999999
2.625526 5.313689 12.49732
-0.06529 -5.626364 12.511500999999999
2.204918 -5.666161 8.052969000000001
-3.533386 -5.038004 10.257627
-2.3562980000000002 5.267437 7.028632999999999
-0.08609 -4.84762 13.473276
0.502454 5.313689 13.571705000000001
0.502454 5.313689 6.315435
-2.7769060000000003 5.270664 12.458115
-2.482634 -5.534937 7.821909000000001
-2.188362 -5.204724000000001 12.429753999999999
2.562358 -5.176758 7.404
3.647775 5.267437 9.083978
3.647775 5.267437 10.803996
-1.207713 5.277118 6.409693
-0.619169 -0.8226789999999999 13.818614000000002
-0.030625 -4.434585 13.602569
-2.511137 -5.642498 10.956645
0.936159 5.269588 13.571705000000001
1.524703 -4.670144 13.169645
2.975263 -5.525256 10.633829
2.470687 -4.479761 12.588242
3.6192719999999996 -4.726076 9.366755
3.913544 -2.22958 10.24011
-3.212152 -5.344552999999999 10.678873
3.70324 5.267437 9.365921
0.02484 -4.89172 13.464934000000001
-3.843064 -2.977131 9.098993
0.9076559999999999 -5.424148 12.827643
3.002225 -5.582264 9.877255
-2.841615 -5.630666 10.089129
-0.571407 -4.411997 13.504139
-1.664527 -0.945299 13.497466
2.287345 -5.292924 7.232165
-2.862415 -5.13696 11.790795
3.464433 5.314764 8.754489
3.464433 5.314764 11.132651000000001
-0.297935 -0.80547 13.856984
-1.685327 -5.516651 7.0419789999999995
0.374577 3.660472 5.358665
3.443633 -1.9208800000000001 11.845849
0.668849 -5.419846 6.51146
-2.105935 -5.561827 7.459888
-0.424271 -5.5435419999999995 12.716702
1.257393 -5.5015920000000005 12.572394000000001
3.233329 -1.792882 12.184514
-3.009551 5.313689 12.030196
-3.009551 5.313689 7.856944
-2.421007 -2.9330309999999997 5.358665
-2.421007 2.792453 5.358665
-1.243919 -5.494063 12.592412999999999
-2.722982 -1.559474 12.782599
-1.251622 -0.882914 13.664296
3.79337 -1.9488450000000002 10.946635
1.60713 -4.856225 13.053697999999999
3.07849 -4.985299 11.629804
1.8806019999999999 5.277118 13.165474
2.174874 -5.567205 11.789127
3.05769 -5.385427 10.979166999999999
3.730202 5.277118 10.118324
-2.604349 -1.189463 12.879361
1.347523 3.4281399999999995 5.358665
1.347523 -3.568717 5.358665
-3.1089249999999997 -5.141262 11.385397999999999
-3.9077729999999997 -2.1940850000000003 10.320189000000001
-1.637565 -4.662615 13.116259
3.701699 -0.317142 5.358665
3.701699 0.17764 5.358665
0.107267 5.273891 6.201156
2.671747 -5.342402 7.707630999999999
-3.1720930000000003 -5.395106999999999 8.814548
1.2843550000000001 -5.656481 7.170438
1.2843550000000001 5.313689 13.374011999999999
1.2843550000000001 5.313689 6.513128
-3.781437 -2.239261 11.031718999999999
-3.3685319999999996 -5.102541 8.72446
3.252588 -5.214404 10.933289
-0.21550800000000003 -5.584415 6.664109
-1.6029000000000002 -4.902477 13.034513
1.466156 -0.913031 13.584218
-3.200596 -5.470400000000001 9.890601
-0.930388 -1.177631 13.766062000000002
2.81118 -4.608834 12.210372
-3.221396 5.313689 11.686526
-3.221396 5.313689 8.200614
3.399724 -4.589473 11.242759
-1.455764 -5.437056 6.80091
-2.5488839999999997 -4.703488 12.463954
0.015595999999999999 -5.116523 13.316455
3.3789239999999996 -5.226236 10.459492
2.874348 -5.523104999999999 10.908263999999999
3.462892 5.270664 11.371217999999999
2.3697719999999998 5.265286000000001 7.0361400000000005
1.6895569999999998 -5.494063 7.013618000000001
-2.577387 -5.6693880000000005 8.964695
-0.895723 -5.670464 7.092028
1.080213 -0.85925 13.716012999999998
-1.9048749999999999 -0.995853 13.374011999999999
0.953877 -4.420602 13.420724
-3.523371 5.267437 8.666069
-1.253163 -4.958408 13.152962000000002
1.815893 -5.6102300000000005 11.953453999999999
2.194133 -5.167077 12.465623
-0.462018 -5.603776 6.735846
-3.6358420000000002 -2.065011 11.448794
3.5738220000000003 -4.9035519999999995 9.268326
3.5738220000000003 5.270664 8.820387
3.5738220000000003 5.314764 10.743937
3.5738220000000003 5.314764 9.143203
2.480702 -5.643573 11.00586
1.7873900000000003 -5.256353 12.656643
-2.080514 -5.643573 11.553897000000001
-2.879362 -5.516651 10.921611
-0.9034260000000001 -5.601624999999999 6.833442000000001
2.459902 5.269588 12.769252999999999
2.838142 -1.275512 12.65414
-2.017346 -3.229899 5.358665
-2.017346 3.090398 5.358665
-3.1104659999999997 -5.530634 9.563615
3.910462 -2.840528 9.513565999999999
2.5230699999999997 -5.515575999999999 11.546389
-3.4124410000000003 -4.9390469999999995 8.659396
2.8096389999999998 -5.074575 7.634226
3.1878789999999997 -5.483307 9.559444000000001
1.4014469999999999 -5.523104999999999 6.892666
-3.265305 5.273891 8.11136
3.1670789999999998 -5.386502 10.681376
3.7556230000000004 -2.217748 11.113465
1.2751109999999999 -4.848696 13.202177
3.545319 -4.823957 10.629658000000001
-2.6135930000000003 -5.441358 11.620628
-2.11672 5.267437 13.037014999999998
2.339728 -5.442434 11.940942
1.015504 -5.32089 6.522303999999999
1.309776 -5.3176630000000005 6.626573
-2.2638559999999996 -5.671539 8.824558
3.7479199999999997 5.267437 9.943987
-1.1075679999999999 -5.419846 6.634914
-2.082055 -5.671539 11.248598
-3.091207 2.051357 5.358665
-3.091207 -2.191934 5.358665
3.046905 5.267437 7.761017000000001
-2.796935 -5.099314 7.630055
2.626297 -4.971316 12.237065
-0.253255 5.273891 13.678477
0.041017 -4.423829 13.600901000000002
3.4883129999999998 -4.933669 8.909641
1.680313 -5.432753 12.479803
-2.964871 5.267437 7.650909
3.361977 5.274966 8.298209
-2.76227 5.313689 12.348841
-2.76227 5.313689 7.538298999999999
-3.266846 -1.7466300000000001 12.136133000000001
2.660962 -5.576885 11.101787
1.862114 -0.988324 13.399036
3.039202 -5.5123489999999995 8.896295
1.65181 -5.6177589999999995 7.250516999999999
-2.1105579999999997 -5.331646 7.116219
-0.9334699999999999 -4.422754 13.424895000000001
-0.9334699999999999 -5.332721 12.941922
0.243618 -5.670464 12.23206
-1.3540780000000001 5.267437 13.438241000000001
2.001547 5.267437 13.112089
3.662411 5.314764 9.943153
-2.686005 -4.493744 12.373032
3.4521070000000003 1.393082 5.358665
1.329035 5.277118 6.458074
-1.445749 -5.140187 12.947761
1.6233069999999998 -1.3013270000000001 13.522490000000001
-1.0328439999999999 -5.516651 6.726671
2.036212 -5.339175 7.062833
2.414452 -5.4542649999999995 7.560821
-3.02958 5.277118 7.767689999999999
3.6547080000000003 -4.690581 10.047422000000001
2.154845 -5.671539 11.156841
2.743389 -5.217631 7.6575820000000006
1.650269 -1.166875 13.514149
0.557149 -5.332721 13.022834999999999
-3.4155230000000003 -1.5186 5.358665
3.100829 5.277118 12.026860000000001
2.8905250000000002 5.313689 7.694284999999999
2.8905250000000002 5.313689 12.192855
2.0916770000000002 -5.672615 8.339083
2.469917 -1.146439 12.993639000000002
2.469917 -3.5095590000000003 12.753403999999998
-3.2683869999999997 -4.764798 11.457135000000001
-2.3855709999999997 -5.597322 7.889475999999999
-3.184419 -1.440081 12.234563
-2.981818 -1.6605809999999999 12.509833
3.240262 -5.000356999999999 11.306988
3.5345340000000003 -5.079953000000001 9.521907
1.0332219999999999 -5.5715069999999995 6.817593
-0.858746 -5.490836000000001 12.731716
2.21031 -4.931518 12.63996
-3.0449859999999997 -5.506971 8.889622
0.318342 -5.361763 6.408025
-2.266938 -4.688429999999999 12.711697
3.261062 -5.396183000000001 10.221759
3.379695 -5.1971940000000005 8.966363
-0.8872490000000001 -0.84204 13.766896000000001
-0.8032809999999999 5.269588 13.603403
2.265775 -4.699186 12.708359999999999
-1.1183530000000002 -5.631742 6.998604
-3.304593 -4.567961 11.462973999999999
-2.716049 -5.647876 8.950514
-2.337809 -5.6102300000000005 11.428774
-3.725201 5.277118 10.210915
0.520943 -5.444585 12.877692
-2.82852 -5.643573 9.626176000000001
-3.92164 -2.5286 10.261797999999999
-3.92164 -2.793201 9.678727
-3.627368 -4.8648299999999995 9.772152
-2.156008 -4.465778 12.844327
-1.273192 -4.424905 13.320625999999999
2.67868 5.267437 7.322254
2.67868 5.267437 12.564886
3.2672239999999997 -4.775554 11.452964
3.2672239999999997 -5.386502 9.208267000000001
-0.915752 -5.32089 6.4906060000000005
-0.032936 -1.02597 13.880341
2.825816 -5.597322 10.575439000000001
3.120088 5.314764 11.861698
3.120088 5.313689 8.025442
3.911233 -2.519996 10.360228000000001
-3.130495 5.267437 7.883637
3.3858569999999997 -1.5627010000000001 11.927596
-1.070591 5.267437 13.535003000000001
-2.163711 -5.614532 7.675099
3.469825 5.269588 8.530937
0.695041 -0.823755 13.805266999999999
-2.478783 -5.537088 11.529706000000001
-0.713151 -5.420922 6.522303999999999
-0.124607 -3.8171839999999997 5.358665
-0.124607 3.6776820000000003 5.358665
-1.8139740000000002 -5.195043 12.701687
-1.330198 -1.2217310000000001 13.645110999999998
-3.222166 5.267437 11.862532
3.588458 -2.07039 11.546389
2.201066 -5.432753 7.310576
-0.594518 -5.120826 13.219694
-0.005974 -5.354234 6.386337999999999
-2.7807579999999996 -2.5845320000000003 5.358665
-2.7807579999999996 2.4450309999999997 5.358665
1.6756900000000001 -5.328419 6.814256
-3.873878 -2.945938 9.31337
1.584019 -5.030474 12.964444
0.869139 -3.717152 5.358665
0.869139 3.576575 5.358665
3.433619 -5.241294 9.990699
-3.902381 -2.493105 10.423623
3.118547 5.277118 7.891144
-1.0436290000000001 -4.832562 13.28726
-2.935597 -5.370368 11.281964
1.40838 -5.1971940000000005 12.911059
-2.753796 -5.510197 11.20689
-1.0721319999999999 5.265286000000001 6.352136999999999
-2.165252 -1.0593139999999999 13.216357
-3.573444 -4.82073 10.512877
3.63622 -0.8086960000000001 5.358665
3.63622 0.668119 5.358665
-2.018116 -4.913233 12.789273000000001
-3.910084 -2.821167 9.501888
-3.615812 -4.723925 9.334223
-1.345604 -5.335948 12.790107
0.630332 5.269588 13.636769000000001
2.606268 2.6246579999999997 5.358665
2.606268 -2.765235 5.358665
-0.567556 -4.644329 13.463265999999999
-0.36495500000000003 -1.184085 13.852813999999999
3.376613 -5.01434 10.959982
3.460581 -5.099314 9.063959
-1.689179 -4.419527 13.137113
3.734053 5.273891 9.686235
1.253541 -4.969164999999999 13.146289
-1.5212430000000001 -5.661859000000001 11.895898
2.906702 -5.620986 9.576127
-0.07838600000000001 -1.170102 13.871165
3.6631820000000004 5.277118 9.220779
0.363022 5.267437 6.213668
-0.317193 -5.383275 6.4238740000000005
-2.797705 -4.7206980000000005 12.187850000000001
0.565623 -4.648632 13.462432
0.565623 -4.405544 13.506642
-3.196745 -4.986374 11.415428
-1.7253850000000002 -5.405863 6.920192999999999
0.8390949999999999 -5.5586 12.596584
-3.617353 -4.842242 10.140012
1.427639 -5.672615 11.201885
3.193271 -4.553978 11.677351
-3.6381530000000004 5.277118 10.779805000000001
-1.578249 -3.4708370000000004 5.358665
-1.578249 3.3313349999999997 5.358665
-1.578249 -5.665086 7.413176000000001
-3.175945 -5.465022 10.205076
0.187383 -5.561827 6.620734000000001
2.163319 -5.5586 7.510772
-3.204448 5.277118 11.855859
3.6061759999999996 -4.844393 10.264301000000001
0.8105920000000001 -4.950879 13.288094000000001
-1.964192 -5.430602 7.113716
3.669344 -1.796108 11.336183
-0.079927 -5.659708 12.363856
3.871945 -2.9448619999999996 9.261652
2.484553 -5.273563 12.076074
3.451337 -4.8024450000000005 10.993348
-2.581239 -1.548718 12.903550999999998
-3.3800869999999996 -5.216555 10.488686999999999
0.361481 5.267437 13.673472
2.337417 -5.613456 11.416262000000001
1.244297 -1.237866 13.673472
-0.941943 -5.63712 12.323817
-2.434103 -4.488366 12.621608
2.0146420000000003 -4.923989 12.784267999999999
3.19173 -5.4768539999999994 9.883094
-2.65211 -4.947652000000001 12.228724
2.687154 -4.523861 12.368861
-1.475022 -5.672615 11.130982
-3.555726 -4.619591 10.757283
3.338866 5.269588 11.643984999999999
-3.710565 -0.070826 5.358665
-0.641509 5.277118 13.617583
2.5115149999999997 -5.671539 10.456155
-2.554277 5.269588 7.2029700000000005
-3.6473970000000002 5.267437 9.069798
-1.9657330000000002 -4.67122 12.931912
2.6509479999999996 -5.410166 11.636477000000001
1.557828 -5.562903 12.282109
3.2394920000000003 -4.823957 8.194775
-1.615996 5.267437 6.562342999999999
2.503812 -5.327343 7.479074
-3.5287640000000002 5.270664 11.201051
-2.645948 -5.590868 11.050904000000001
2.777284 5.277118 12.441431999999999
0.0025 -5.159548 13.289762999999999
-2.772284 5.270664 7.4240200000000005
-0.20780400000000002 5.270664 6.203659
1.382189 -5.672615 7.387317
3.652397 -4.688429999999999 9.656205
-3.473299 -1.9423920000000001 11.789961
3.147821 -5.486534 9.227452
-1.623699 -5.630666 7.264697000000001
-3.011091 -5.577961 9.890601
2.328173 5.313689 12.770921
2.328173 5.313689 7.116219
3.210989 5.267437 11.876713
3.210989 5.267437 8.011262
3.505261 -1.287344 5.358665
-0.173139 -5.4768539999999994 6.506455
-3.7467710000000003 0.10234700000000001 5.3594990000000005
-3.7467710000000003 -1.8821569999999999 11.110963
-3.452499 -4.792764 10.996684
-2.569683 -5.122977 12.162826
1.20655 -3.5084829999999996 13.471606999999999
-0.9796900000000001 -5.182136 13.080390999999999
2.972182 -1.6509010000000002 12.521510999999999
1.858262 -5.112221 12.751736
3.623894 -4.875586 9.756302999999999
-1.946474 -4.459324 12.985298
-2.745322 -5.211177 7.653411
-3.425537 -5.256353 9.543595
0.23206300000000002 -5.481156 6.513961999999999
-2.248449 5.277118 12.922737000000001
0.820607 -5.636044 6.896003
-2.5635209999999997 -5.467173 7.774362999999999
-0.5036170000000001 -5.324116 6.404688999999999
-0.5036170000000001 -1.1647239999999999 13.845307000000002
-2.395585 -4.934745 12.484808
3.6161909999999997 -1.0614649999999999 5.3594990000000005
0.442367 -5.532785 12.737555
-1.120664 -1.215278 13.710174
3.7140239999999998 -0.588196 5.3594990000000005
0.9392400000000001 5.267437 6.315435
-3.222936 -5.414468 9.097325000000001
-2.34012 -5.43598 11.955122999999999
-2.34012 -5.327343 7.31141
2.9991440000000003 -5.293999 11.331178
0.792104 -5.642498 12.343002
-0.5952879999999999 -5.523104999999999 6.614059999999999
-0.51132 5.267437 13.656789
1.170344 -5.608078 12.341334
-1.60444 -5.281092 6.740851
3.138577 -1.416417 12.297958000000001
1.057873 -5.418769999999999 6.616563
1.436113 -5.643573 12.066899000000001
3.2017450000000003 -4.8960230000000005 8.195609
0.6164649999999999 -5.6607829999999995 6.961067
-0.686959 -4.827184 13.374011999999999
2.171793 -1.058238 13.211352000000002
-2.481094 5.267437 12.756741
-3.279942 -5.263882000000001 8.770337999999999
-2.98567 -5.573659 10.195066
3.3203780000000003 -5.370368 9.888933
-3.34311 -1.531508 11.99683
-3.34311 -1.770294 5.3594990000000005
-3.553414 -5.054138 9.890601
1.491578 -3.527844 13.362334
-2.194525 -5.457492 7.339771000000001
-1.8162850000000001 -5.563978 7.222156
3.228707 -1.9768109999999999 5.3594990000000005
3.3126750000000005 -5.378973 9.544429000000001
3.3126750000000005 5.314764 11.50635
3.3126750000000005 5.313689 8.380790000000001
-2.7276040000000004 -5.2789410000000005 7.7209769999999995
1.89678 -3.4944999999999995 13.162972
-3.6104200000000004 5.267437 10.947469
-1.221579 -5.062743 13.09624
2.730293 -5.662934 9.745458999999999
-2.251531 -5.656481 8.005423
-2.251531 5.278193 6.971077
-3.575755 -4.893872 9.265823
2.751093 -1.6057249999999998 12.748399
3.6339089999999996 -2.072541 11.450462
-3.2891860000000004 -5.4037120000000005 9.537756
0.074142 5.264209999999999 13.691823
-1.31325 -5.314436000000001 6.625739
3.3111340000000005 -1.743403 5.358665
-3.436322 -5.238067 10.007382
0.221278 -5.632816999999999 6.781725
3.3743019999999997 -5.091784 8.725294
-3.457122 -5.096087 9.0381
2.953694 5.265286000000001 12.255417
-2.9602489999999997 -5.601624999999999 9.485204999999999
3.4505670000000004 -1.536886 5.3594990000000005
0.276743 -1.194841 13.857819
-1.110649 -3.6515400000000002 5.358665
-1.110649 3.510962 5.358665
3.345799 -5.285394 9.097325000000001
3.6400710000000003 5.314764 9.541093
3.6400710000000003 5.314764 10.346047
2.546951 -5.671539 8.981378
3.724039 5.267437 10.389423
-3.0234170000000002 -4.738983 11.886721999999999
-2.729145 -5.629591 10.561258
-1.762361 5.267437 13.253893999999999
2.189511 -3.499878 12.97779
-3.934736 -2.669506 9.918963
-3.346192 1.620036 5.358665
-2.1691040000000004 5.313689 6.992764
-2.1691040000000004 5.313689 12.894376
2.665584 -5.648952 10.526224000000001
-2.883984 -5.57581 10.578775
3.5484 -4.624968 10.783142
2.161008 5.277118 6.894335
-3.4093600000000004 5.269588 8.389966
2.224176 2.948417 5.358665
2.224176 -3.088994 5.358665
-2.232272 -5.11007 12.488978000000001
-3.619664 -4.634649 10.421121
1.7196 -5.656481 7.456551999999999
1.6279289999999997 -4.4474920000000004 13.163806000000001
2.006169 -5.644649 11.622297
-2.555047 -5.175682 7.394824999999999
-3.564199 -1.69285 11.586428
2.868185 -5.6220609999999995 10.135842
-2.975655 5.273891 12.215377
2.657881 -5.659708 8.95969
-3.0804229999999997 -5.460719 10.631327
-1.6090630000000001 -5.496215 12.40473
-1.735399 -5.341326 12.584071999999999
-2.121342 -5.566129 11.847517
-2.436414 -5.457492 7.591684
-1.8478700000000001 -5.101465 12.766751000000001
1.80973 -4.917535 12.916063
-3.445566 -5.016492 10.737264
-1.46963 -5.672615 8.109691
-3.67667 0.664892 5.3594990000000005
-3.684373 -0.77105 5.3594990000000005
1.360619 -5.413392 6.734178
-1.434965 -4.5292390000000005 13.241381999999998
1.2134829999999999 5.267437 6.398015
1.802027 -3.357897 5.358665
1.802027 3.21732 5.358665
2.096299 -5.356385 12.312139
0.7089070000000001 -5.325192 6.442225
0.49860299999999996 5.277118 6.245366
3.567659 -1.7014540000000002 11.57475
2.768811 -5.283243 11.718224
0.596436 -5.11007 13.227200999999999
2.866644 -5.146641 11.773278
1.479252 5.269588 6.50145
-0.62302 -3.767705 5.358665
-0.62302 3.6271289999999996 5.358665
1.7026530000000002 -3.5084829999999996 13.265572
-1.471171 5.313689 13.298103999999999
-1.471171 5.313689 6.58987
-3.657411 -4.678749 10.013221999999999
-3.657411 5.313689 9.741289
-3.657411 5.313689 10.145017000000001
1.6818530000000003 -5.420922 6.909349
-1.0929309999999999 5.313689 6.4480640000000005
-1.0929309999999999 5.313689 13.439076
-2.480323 5.313689 12.638290999999999
-2.480323 5.313689 7.248849
-3.867715 -2.375863 10.663024
0.883005 -1.191614 13.776072000000001
2.942909 -2.394149 5.358665
2.942909 2.2535719999999997 5.358665
0.063357 -4.765874 13.514149
-2.333187 -1.4809539999999999 13.100411000000001
3.006077 -5.581188 9.425146
2.40983 -4.885267 12.499823000000001
-3.538778 -1.313159 5.3594990000000005
-0.301786 5.313689 13.593393
-0.301786 5.313689 6.293747
2.7672700000000003 -4.84762 12.160323
-0.007514 -4.6895050000000005 13.551685999999998
3.061542 -5.533861 10.21592
1.968422 -5.631742 7.550811
-1.499674 5.277118 13.364002
1.0648060000000001 -4.658313 13.346485
1.6533499999999999 5.313689 13.211352000000002
1.6533499999999999 5.313689 6.675788000000001
3.923558 -2.600666 10.174212
2.234191 -4.476534 12.785102
2.8227349999999998 -5.457492 11.252768
2.8227349999999998 -5.620986 8.964695
-2.831601 -1.277663 12.659979
-0.5613929999999999 -5.6027000000000005 12.544867000000002
-3.3361769999999997 -5.000356999999999 11.08427
2.003087 -1.3325200000000001 13.330636000000002
2.003087 5.313689 13.009488
2.003087 5.313689 6.877651999999999
-1.864817 -5.332721 6.9360420000000005
3.852687 -2.344671 10.742269
-2.179889 -5.671539 8.107189
0.090319 -5.670464 6.945218000000001
-2.0959209999999997 -5.34778 12.325485
0.468559 -1.137834 13.850311000000001
0.965432 -5.143414 13.119596
3.025336 -4.746513 11.880883
-2.923272 -4.526012 12.090254999999999
-3.7221200000000003 5.277118 9.632014999999999
-0.06452 -5.166002 13.276416
2.8781999999999996 5.270664 7.544972
2.8781999999999996 -4.971316 11.935937000000001
-2.7761359999999997 -5.273563 11.722394999999999
-3.750623 5.267437 9.932309
2.1771849999999997 -1.429325 13.212187
2.7657290000000003 -5.651103 9.209935
0.074913 -4.618515 13.556691
-3.3931830000000005 5.313689 11.322003
-3.3931830000000005 5.313689 8.565971
2.933665 -4.5249369999999995 12.075239999999999
1.7357770000000001 5.270664 13.263904000000002
-3.8345909999999996 -2.013382 10.773966
-2.657503 -5.670464 9.642859
-3.043446 -5.239143 11.348696
-1.06751 -4.6464810000000005 13.348987000000001
-3.2537499999999997 -5.204724000000001 10.953309
3.262602 -5.290773 8.776177
1.9591779999999999 -4.686279 12.931078
3.935114 -2.667354 9.897275
1.349834 -5.603776 7.030301
1.349834 -5.344552999999999 12.777594
3.6200419999999998 -4.640027 10.419452999999999
3.4097379999999995 -4.916459 8.635206
3.493706 -5.0369280000000005 10.492024
-3.7236610000000003 5.267437 10.373574000000001
-3.7236610000000003 5.267437 9.512732
-2.546573 -5.329495 7.532458999999999
-0.570637 -5.340251 13.013659
-3.345421 -1.8972159999999998 12.002669000000001
2.5823869999999998 -5.447812 7.756011999999999
1.783539 -5.563978 7.197131
2.372083 -1.363712 13.081225
1.278963 -4.432434 13.318124000000001
-2.7776769999999997 -5.6468 9.155715
0.375347 -3.80105 5.358665
-2.3994370000000003 -1.361561 13.06204
-0.423501 -5.648952 6.855964
-2.904013 -5.588717 8.940505
-0.633805 -5.673691 8.307385
2.435251 -5.5586 7.821909000000001
1.544732 -5.672615 11.135987
3.2263960000000003 1.840537 5.358665
-3.0164839999999997 -1.355107 12.453944
-3.437092 -4.587322 11.142661
-0.073764 -4.6228169999999995 13.556691
0.809052 -4.8336369999999995 13.348152999999998
-2.4911079999999997 -5.263882000000001 12.081913
3.1424279999999998 -5.430602 8.844577000000001
3.555333 5.273891 11.113465
1.9576369999999998 -5.506971 12.146143
-0.837947 -5.671539 12.109440000000001
-3.612731 5.313689 10.546243
-3.612731 5.313689 9.340897
-2.435643 -5.671539 10.660522
-3.549563 5.277118 8.791192
0.8991819999999999 5.313689 13.494129
0.8991819999999999 5.313689 6.3930109999999996
2.5808459999999998 -5.131582 12.141971999999999
0.10033399999999999 5.313689 6.282069
0.10033399999999999 5.313689 13.605070999999999
3.5476300000000003 -5.05844 10.009051
2.160238 -5.672615 8.743645
-3.5780659999999997 0.9101319999999999 5.358665
-3.5780659999999997 -1.049634 5.358665
-1.307858 -5.566129 6.921028
-3.494098 -4.917535 8.913812
-1.8124339999999999 -4.906779 12.920234
-3.41013 5.269588 11.493838
3.610798 0.9445520000000001 5.3594990000000005
-1.673001 -1.274436 13.504139
3.6662630000000003 5.277118 10.649678
1.4800229999999999 5.267437 13.387357999999999
3.750231 -0.010592 5.3594990000000005
-0.516713 -5.4542649999999995 12.864346
2.3420389999999998 -5.060592 12.437261
2.930583 -5.569356 8.909641
0.155799 5.277118 13.676808
2.215703 5.273891 12.961108
