70
-3.065664 9.865898 0.543817
3.001024 5.314979999999999 2.237806
-0.612375 8.997241 3.658778
3.013522 9.239407 1.849035
-3.747909 8.992757 0.407308
-2.1040509999999997 9.886078 2.1044899999999997
3.7170870000000003 8.990065999999999 0.5350360000000001
-2.900984 5.314979999999999 2.340787
0.23896099999999998 5.314979999999999 -3.803716
0.896945 8.994999 3.6100809999999997
-0.463869 9.877109 -3.136339
3.2561310000000003 8.977958 1.865799
-2.095229 9.880697 -2.218296
0.67198 9.890563 2.945099
3.762668 5.314979999999999 -0.41015
3.010581 5.314979999999999 -2.299722
-2.2135930000000004 9.787418 -2.316486
1.49832 9.861862 -2.7970620000000004
-0.026438999999999997 7.0886190000000004 4.3253569999999995
2.262905 9.895945000000001 1.9121
-3.582494 8.986479 -1.259539
-2.8384940000000003 9.239407 -2.145651
3.105419 8.990065999999999 -2.182372
-2.7399799999999996 9.848856999999999 -1.561296
-1.346083 9.872625 2.760692
3.1465890000000005 9.777553 0.362603
-2.727482 9.849753999999999 1.489801
-2.012154 9.791455000000001 2.3807020000000003
-2.5841220000000003 9.006659 -2.816221
0.947672 5.314979999999999 3.5957120000000002
-3.3523829999999997 9.241201 1.1249779999999998
-1.7658690000000001 5.314532000000001 3.2883669999999996
-1.909229 8.985582 3.190176
-3.7207079999999997 5.314979999999999 -0.772577
1.030012 8.9802 -3.691954
-0.560178 9.865001 3.011357
-1.3615220000000001 9.242546 -3.327132
-2.857609 8.990065999999999 2.393474
3.422281 5.314979999999999 -1.5996139999999999
0.352178 6.762592000000001 4.3205670000000005
2.065878 5.314979999999999 3.080011
-1.2828579999999998 9.858723 -2.914412
2.123222 9.783382 2.296082
-3.6089610000000003 5.314979999999999 1.0579210000000001
0.238225 6.476926 4.3205670000000005
-0.358004 5.314979999999999 3.686718
3.525941 9.240752 -0.295195
3.689886 8.997241 -0.867575
-0.86013 8.986479 -3.7558179999999997
-1.00349 5.314979999999999 -3.695946
-0.353593 6.8240300000000005 4.312584
2.1937990000000003 9.787418 -2.336444
0.5050950000000001 9.852893 -3.1523049999999997
2.843696 9.868589 1.282243
2.263641 8.990065999999999 -3.0628949999999997
1.4622970000000002 9.865898 2.703214
0.42349 9.787418 3.085599
2.2268820000000003 8.983787999999999 2.985013
-0.156565 6.509664 4.3517
2.161451 9.874419 -2.152835
3.612692 5.314979999999999 0.999645
-3.120067 9.844821 -0.515525
3.061309 9.873073 -0.719091
1.24983 5.314979999999999 -3.606537
-3.402376 8.990065999999999 1.530514
-2.236383 5.314979999999999 -3.082853
2.799585 9.863656 -1.444744
2.318044 5.314979999999999 -3.021384
-2.276818 9.887872 -2.004351
-3.086249 5.314979999999999 -2.2103129999999998
