581
2.050688 10.312172 -5.585434
3.319488 14.028822 -4.724964
-3.502144 14.413113999999998 -1.9424199999999998
-3.106944 14.060663000000002 -5.106796999999999
2.279488 15.605516 5.295205
-3.190144 12.576198999999999 -5.433776
-2.316544 15.404587 -4.444236
-2.878144 14.621729 -4.927174
-2.004544 15.248674000000001 -5.164879
-3.606144 12.950608999999998 -4.80133
2.6538880000000002 10.376952000000001 -5.304705
3.527488 13.897065 5.298432
2.9658879999999996 14.394448 -5.033657
1.6138880000000002 16.207207 -0.894798
-3.710144 12.628902 5.357589
2.633088 12.645371999999998 -5.627381
3.506688 11.965724 -5.040111
-2.3034470000000002 14.888538 -5.262757
-1.596247 15.715314 -4.8744700000000005
3.935785 12.658548 -2.589924
-1.949847 15.819621999999999 -3.4536200000000004
-2.428247 13.765308000000001 -5.601566999999999
-2.511447 15.233302000000002 -4.463596
-1.6378469999999998 15.798760000000001 -4.630312
-1.4090470000000002 15.906362 -4.619555999999999
1.62005 15.766918999999998 -4.742173
1.53685 10.905078999999999 -5.628457
3.692347 5.346024 -0.676454
1.466747 10.793085 -5.628457
2.881147 14.626121 -4.916418
3.109947 15.024687 -1.372359
-2.838085 13.925612000000001 -5.409037
3.505147 13.846558 5.357589
3.505147 11.412344000000001 5.357589
3.0267470000000003 14.841325 5.295205
1.9867470000000003 5.346024 -3.2062350000000004
2.381947 10.580078 -5.556393
-3.566085 5.344926 -1.184131
3.5675470000000002 14.287944999999999 -1.961781
2.610747 11.647311 -5.623079000000001
-3.108485 5.346024 -2.123119
-3.3580850000000004 12.576198999999999 -5.290723
2.985147 13.310746000000002 -5.476799000000001
1.6331470000000001 16.198424 -1.277707
-0.8905879999999999 15.870128999999999 -5.035808
-1.3689879999999999 15.509992 -5.253076999999999
-1.4521879999999998 15.931614999999999 -4.399061
-2.8041880000000003 14.425192000000001 -5.191769
-2.013788 15.467170999999999 -4.886302
-2.263388 15.397999 -4.652899
3.913444 13.029663999999999 -2.466231
-3.469788 13.295373999999999 -4.985256
-2.2009879999999997 10.765636 -5.623079000000001
-2.2009879999999997 9.643504 5.357589
-2.2009879999999997 15.616496 5.357589
-3.012188 15.144366000000002 -1.311051
-2.783388 12.632196 -5.608021
3.4766440000000003 5.346024 1.377917
3.871844 11.926197 -2.8921639999999997
0.9321090000000001 16.029335 -4.726039
-1.376691 15.816327999999999 -4.869092
0.966006 15.731784 -5.183164
3.108406 5.346024 -2.123119
-3.318026 14.025528000000001 -4.736795
-3.484426 12.81446 -5.105722
3.1708060000000002 11.50128 -5.352031
2.692406 11.899846 -5.619852
2.2764059999999997 10.211158 -5.471421
1.798006 16.129251 -1.164771
3.462006 13.056015000000002 -5.087437
2.8172059999999997 12.290725 -5.6026430000000005
-3.692426 5.344926 -0.676454
-3.297226 14.766662 -1.8068959999999998
-3.297226 14.752388999999999 -1.460557
-3.775626 13.702723 -1.8907920000000003
2.567606 10.391226000000001 -5.3886009999999995
2.879606 13.607199 -5.472497
2.879606 15.295887 -1.252969
3.516703 13.558888 -4.629237
-1.5577290000000001 14.967592 -5.518747
3.641503 11.764795 5.305961
2.518303 13.642334 -5.597265
-2.160929 10.197982 -5.516596
-3.2009290000000004 13.349174999999999 -5.315461
3.0591030000000003 10.530669 5.357589
3.0591030000000003 14.729331000000002 5.357589
-3.3673290000000002 14.003568999999999 -4.546417
-1.620129 16.206110000000002 -0.89695
-0.983032 16.09741 -4.392607
-0.047032 16.377394000000002 5.298432
-1.960632 15.174011000000002 -5.256304
-1.170232 15.027981 -5.563922000000001
-1.6694319999999998 15.828405 -4.413044
0.077768 15.210245 -5.57898
-0.8998320000000001 16.44986 -0.799071
0.132465 16.561854 -0.98945
0.673265 16.502563000000002 -1.128201
0.902065 15.52207 -5.375694
-0.054735000000000006 15.022490999999999 -5.618777
1.754865 15.758135000000001 -4.560398999999999
-3.652367 13.469952 5.298432
-3.41047 13.796051 -4.747551
-2.78647 5.346024 -2.535069
-3.3480700000000003 13.272316 -5.182088
-3.51447 11.336584 5.305961
-2.3288699999999998 10.623997000000001 -5.584358
-2.9736700000000003 12.861673000000001 -5.535957
3.764762 13.755426000000002 -2.201637
2.807962 14.432877 -5.182088
-3.55607 13.810325 5.300583
-0.859773 16.239049 5.357589
-0.859773 9.020951 5.357589
-1.8165730000000002 14.639297000000001 -5.567148
-2.066173 15.757036999999999 5.295205
3.6322590000000003 13.55779 5.295205
-2.7941730000000002 14.875362 -4.684091
-0.256573 9.392068 -5.557468
-0.5893729999999999 15.983220000000001 -4.968046
-2.898173 15.289299 -1.59393
-1.150973 15.901970000000002 -4.86479
-1.005373 9.642406000000001 -5.587585
-0.610173 16.18415 -4.382927
1.524524 5.346024 -3.451469
1.836524 15.648338 -4.748627
0.068524 16.153407 -4.829296
0.9213239999999999 9.529314999999999 -5.558544
-0.909076 15.512187999999998 -5.381072
-3.1208110000000002 14.469111000000002 -4.573306
3.222421 13.607199 -5.207903
-3.3704110000000003 5.344926 -1.6692209999999998
2.806421 11.664879 -5.5865089999999995
3.2016210000000003 12.246806000000001 -5.429473
-3.703211 12.052464 5.298432
3.430421 11.623156 -5.0562450000000005
-3.391211 11.032444 5.298432
2.9520210000000002 14.67553 -4.685167
2.390421 13.457874 -5.627381
2.702421 14.365901000000001 -5.312234
1.350421 15.478151 -5.289647
-2.933611 14.762270999999998 -4.494788000000001
-3.4952110000000003 12.574003000000001 -5.114326
3.243221 14.252809 -4.581911000000001
-3.578411 11.648409 5.357589
-3.578411 13.609395 5.357589
3.4720210000000002 13.301962 -4.977727
-3.9112109999999998 12.198495 -2.7738490000000002
-3.586114 13.295373999999999 -4.594818
-2.962114 14.387861 -5.044413
-3.045314 11.862515 -5.502613
-2.338114 14.630513 -5.398281
-0.840514 15.278319000000002 -5.516596
-2.525314 10.483455999999999 -5.45959
3.6515180000000003 14.081525000000001 -2.076869
-1.277314 16.344454 -1.207794
-1.222617 16.153407 -3.465451
0.732583 15.193775 -5.558544
2.07688 14.432877 -5.560695
1.34888 16.124859 5.300583
1.09928 15.06641 -5.5628459999999995
1.09928 16.17317 5.357589
1.09928 9.086829999999999 5.357589
1.1408800000000001 15.877815 -4.912115999999999
2.4096800000000003 5.346024 -2.8986169999999998
-2.672455 15.062017999999998 -4.532433999999999
-3.400455 14.607455999999999 -1.8434659999999998
2.776377 13.281100000000002 -5.5693
-2.069255 15.541833999999998 -4.644295
-3.1924550000000003 10.739285 5.357589
-3.1924550000000003 14.520716 5.357589
-1.611655 15.538540000000001 -5.114326
-1.611655 16.213795 -1.246515
3.3795770000000003 12.926454000000001 -5.228339
-3.213255 13.723585 -5.1670300000000005
-2.409758 5.346024 -2.8986169999999998
-0.662558 9.393166 -5.526276
-0.371358 16.321397 5.357589
-0.371358 8.938603 5.357589
0.086242 15.966751000000002 -5.110024
-2.2225580000000003 13.756524 -5.627381
-0.025461 16.257714 -4.563626
1.368139 13.882791 -5.628457
-0.31666099999999997 16.550874 -1.090555
0.473739 9.359128 -5.527352
3.627636 12.100775 -4.661504000000001
3.627636 12.669527 -4.807784
2.275636 15.407881000000001 -4.582986
2.650036 10.461497 -5.347728999999999
2.171636 15.279417 -4.9970870000000005
-3.2979960000000004 5.344926 -1.726227
3.440436 13.801541 -4.607725
-3.630796 14.118856 -1.726227
2.0676360000000003 15.547324000000001 -4.631388
-1.100899 16.211599 5.298432
-3.097699 13.684057 -5.299327
-2.785699 11.649507 -5.589736
-2.6400989999999998 15.546225999999999 -1.4820689999999999
3.7031330000000002 13.209731999999999 5.295205
3.3703329999999996 5.346024 -1.6692209999999998
-0.40140200000000004 16.354336 5.302734
-0.505402 14.873166 -5.627381
-3.2787370000000005 12.228140999999999 -5.368164999999999
2.9812950000000003 12.899004 -5.529503
1.0676949999999998 16.049099 -4.538887
0.984495 14.915987 -5.606945
1.8580949999999998 15.45729 -5.044413
2.7316949999999998 14.819365000000001 -4.906738
2.7316949999999998 14.667844999999998 -5.07453
3.605295 13.206438 -4.5851370000000005
-3.2371369999999997 11.497986000000001 -5.287496
1.670895 15.984318 5.300583
3.085295 14.018940999999998 -5.160577
3.085295 14.188028999999998 -5.042262
-2.862737 15.313455000000001 -1.246515
1.5668950000000001 15.663709 -4.9809529999999995
-3.507537 11.958039 -5.035808
3.5559920000000003 11.445284000000001 5.298432
2.5991920000000004 15.570381 -1.14541
3.3895920000000004 14.231948 5.295205
3.701592 12.877045 5.357589
3.701592 12.381857 5.357589
-3.59844 14.216576 -1.9305889999999999
-3.2864400000000002 12.904494 -5.328368
3.0567919999999997 14.449347000000001 -4.814238
-3.36964 11.402462 -5.049791
-2.57924 9.963015 5.357589
-2.57924 15.296985 5.357589
2.807192 15.387018999999999 -1.533697
-3.1408400000000003 11.526534 -5.384299
3.119192 14.474601000000002 -4.561475000000001
-2.91204 10.330836999999999 5.357589
-2.91204 14.929163 5.357589
-2.91204 12.172144 -5.575753
2.786392 5.346024 -2.535069
2.931992 13.984903000000001 -5.321915
-3.49444 11.601196 -4.877697
-2.62084 15.310161 5.294129
3.2439919999999995 13.996981 -4.945459
3.2439919999999995 11.922903 -5.3692400000000005
-2.22564 15.628574 -3.491266
-0.714943 16.303829 5.307036
-1.775743 10.043167 -5.581131
-0.943743 16.06447 -4.612026999999999
1.586154 9.875177 -5.571451000000001
-3.571478 12.452128 -4.975576
2.605354 15.035667 -4.7830449999999995
1.8773539999999997 14.761172 -5.51552
1.398954 15.603320000000002 -5.151972
1.7941539999999998 15.576968999999998 -4.926099
2.667754 15.068606 -4.521678
1.544554 15.894284 -4.392607
0.899754 15.916243999999999 -4.9691220000000005
2.0152509999999997 15.472660999999999 -4.875546
3.658451 12.477381 -4.646446
3.1800509999999997 11.611078 -5.372467
-2.060781 14.959906 -5.353107
3.5544510000000002 12.941825000000001 -4.945459
2.202451 15.888794 -1.369132
-2.3935809999999997 15.166326 -4.9013599999999995
-3.745581 12.757365000000002 5.298432
3.471251 14.455935 -1.5788719999999998
3.2216509999999996 14.543772999999998 5.300583
-2.422084 10.537257 -5.528427000000001
-0.529284 15.621986 -5.3606359999999995
-0.217284 9.563352 -5.6144739999999995
-2.006084 14.308805999999999 -5.600492
0.544613 16.525620999999997 -1.0098859999999998
1.8134129999999997 15.388117000000001 -5.150896
0.357413 15.068606 -5.606945
1.3766129999999999 15.822916000000001 -4.858337
1.293413 9.675345 -5.556393
-3.643122 12.933042 -4.615254
3.0121100000000003 12.15238 -5.537032
2.05531 10.592156 -5.626306
3.63611 11.889964 5.357589
3.63611 13.367840000000001 5.357589
-3.747122 5.346024 -0.156946
2.42971 15.208049 -4.773365
3.3657100000000004 12.572905 -5.283193
-3.934322 12.627804000000001 -2.608209
3.2825100000000003 13.751034 -5.059472
3.1993099999999997 12.571806999999998 -5.427321999999999
2.24251 15.367254999999998 -4.764761
3.42811 11.114793 5.298432
-3.476722 5.346024 1.377917
-2.603122 15.031274999999999 -4.7938019999999995
3.74011 12.860574999999999 5.301658
-0.697225 16.121565 -4.610952
3.5660070000000004 5.346024 -1.184131
-1.986825 5.346024 -3.2062350000000004
-2.964425 13.636844 -5.4165659999999995
3.378807 13.786169000000001 -4.8497319999999995
-1.300425 15.363962 -5.38645
3.6076070000000002 12.17434 -4.835749
-1.154825 16.390569 -1.058288
3.3580069999999997 13.522655 -5.068076
0.106272 16.557462 -1.124974
-1.412128 9.934468 -5.613399
1.250272 15.273928 -5.450985
0.688672 16.493779 -0.7818620000000001
-3.915063 13.015389999999998 -2.459778
1.0761690000000002 16.409235 -1.169073
1.866569 15.720804 -4.409817
2.324169 15.787781 -1.044305
3.592969 13.060407 -4.785197
0.556169 16.002984 -4.942233
0.556169 9.588605 -5.609096
-3.2494629999999995 14.252809 -4.528131
-3.4158630000000003 11.180671 5.357589
-3.4158630000000003 14.078230999999999 5.357589
2.524466 14.248418 -5.464968
2.524466 14.958808000000001 -5.01107
2.898866 14.805091000000001 -4.494788000000001
3.772466 13.710409000000002 -1.88649
3.2940659999999995 12.924258 -5.318688
-3.860366 13.385407999999998 -2.3221019999999997
-3.548366 13.299765999999998 -4.7830449999999995
-3.631566 11.697818 5.295205
-1.5723660000000002 16.015062 -3.4676029999999995
-3.007566 12.553142000000001 -5.535957
-3.485966 13.691743 -4.559323
-3.485966 13.559985999999999 -4.76261
3.647666 12.849594999999999 -4.61633
-1.184869 15.992004000000001 -4.615254
0.000731 5.346024 -3.77522
-0.498469 16.522327 -0.7689549999999999
0.291931 16.543188 -0.76035
-1.7048689999999997 15.273928 -5.307932
-2.204069 5.346024 3.007431
-1.808869 15.597831000000001 -4.879848
1.033028 5.346024 -3.630016
0.700228 16.125957 -4.591590999999999
0.617028 8.971542000000001 5.357589
0.617028 16.288458 5.357589
1.0122280000000001 16.239049 5.297356000000001
2.031428 14.931359 -5.385374
1.948228 15.194873000000001 -5.2466230000000005
0.263428 9.47222 -5.589736
-3.1339069999999998 14.211086 -4.945459
-2.343507 14.095799000000001 -5.5693
-3.466707 12.112853 -5.136914
-3.716307 13.119698 5.298432
3.7293250000000002 5.346024 0.364714
2.294125 14.909399 -5.2541530000000005
3.3133250000000003 12.241316 -5.335897
2.751725 15.118015000000002 5.357589
2.751725 10.140887 5.357589
-2.572307 11.664879 -5.627381
-0.89521 16.45535 -1.164771
-1.22801 15.763625000000001 -5.041187
-2.35121 10.167239 -5.405811
-1.49841 10.181513 -5.628457
-0.70801 16.500367 -1.1185209999999999
-2.62161 10.425263 -5.362787
3.6384220000000003 5.346024 0.87992
-1.43601 16.093018 5.295205
-1.43601 14.753487000000002 -5.599416
-2.95441 5.346024 2.28141
-0.008513000000000001 16.555266 -0.7560479999999999
1.4682870000000001 14.899518 -5.558544
-0.632513 9.535902 -5.589736
0.553087 9.698402999999999 -5.628457
2.604584 5.346024 2.670773
3.3117840000000003 10.955586 5.357589
3.3117840000000003 14.303315999999999 5.357589
3.0621840000000002 13.678567999999999 -5.332669999999999
2.334184 14.124346 -5.566073
-3.780248 13.710409000000002 -2.210241
-3.551448 12.941825000000001 -4.9529879999999995
-2.677848 13.174596 -5.60587
-1.957551 14.831443 -5.463892
-3.080751 14.765564000000001 5.295205
-1.333551 16.091920000000002 5.357589
-1.333551 9.16808 5.357589
3.1792809999999996 14.23634 -4.826069
3.574481 12.576198999999999 -4.9605179999999995
-3.247151 5.346024 1.847948
-2.456751 15.231106 -4.6636560000000005
-3.101551 12.239121 -5.492933
3.553681 13.304158 -4.761534
-3.267951 14.465817 5.298432
-1.208751 15.687865 -5.141216
-3.039151 14.027724 -5.2036
-2.331951 15.798760000000001 -1.379888
-3.288751 13.499597999999999 -5.174559
-1.5415510000000001 13.825697 -5.628457
0.9883460000000001 9.711578999999999 -5.609096
-0.36365400000000003 15.334316000000001 -5.531654
-1.5700539999999998 16.236853 -1.1228230000000001
0.572346 16.190738 -4.368944
-0.7796540000000001 5.346024 3.640952
1.009146 16.432293 -1.0389270000000002
1.084643 16.071058 -4.3786249999999995
-3.3865890000000003 12.222650999999999 -5.2573799999999995
2.478243 15.256359999999999 -4.511997999999999
2.3950430000000003 15.462779 5.357589
2.3950430000000003 9.797221 5.357589
-3.074589 13.328313 -5.419792999999999
0.48144299999999995 15.475954999999999 -5.458514
1.979043 16.017258 -0.9668629999999999
1.167843 15.957967 -4.730342
-3.747892 13.826794000000001 -2.143555
-2.9574920000000002 13.981609 -5.3014779999999995
-2.728692 14.661256999999999 -5.084210000000001
-2.728692 14.813875000000001 -4.917494
-3.373492 12.920963999999998 -5.236943
-3.4566920000000003 13.052721 -5.096041
-1.647092 15.119113 -5.425171
3.1777399999999996 13.355761999999999 -5.335897
-2.770292 15.41337 -1.572418
3.4897400000000003 12.817754 -5.096041
-3.3318920000000003 13.767504 -4.965895
0.071605 16.242343 -4.581911000000001
-0.261195 5.346024 3.714092
-2.174795 14.475699 -5.5230500000000005
3.918837 12.284138 -2.753413
1.561502 9.264702 5.357589
1.561502 15.995298 5.357589
0.521502 5.346024 -3.738651
1.540702 13.698331 -5.628457
-3.2086330000000003 11.779067999999999 -5.379996
-3.375033 11.89216 -5.226187
1.9281989999999998 9.896039 -5.470346
-3.624633 12.447735999999999 -4.8303709999999995
-2.355833 14.954416 -5.174559
1.9905989999999998 15.80425 5.300583
-3.1670329999999995 12.89571 -5.426247
3.0929990000000003 11.802126 -5.467119
2.136199 10.224334 -5.537032
3.009799 12.578395 -5.5348809999999995
-2.647033 13.82899 -5.528427000000001
-1.3859359999999998 14.564635 -5.627381
-1.9475360000000002 10.341817 -5.611247
-2.509136 13.073583 -5.628457
-2.113936 15.558303 -4.43348
-2.758736 11.921805 -5.610172
3.5012960000000004 12.576198999999999 -5.105722
-1.4275360000000001 13.887183 -5.628457
-1.989136 16.015062 -0.973316
-1.281936 5.346024 3.4968230000000005
-1.760336 5.346024 3.283857
-2.238736 15.16962 -5.064849
-0.020839 16.146819 -4.856185
0.603161 15.884402 -5.102495
1.227161 15.772409000000001 -5.03043
1.622361 14.648081 -5.597265
-0.686439 16.055687 -4.7948770000000005
0.582361 15.699942 -5.293949
-0.45763899999999996 15.459486 -5.4681939999999996
-3.4805740000000003 14.440563000000001 -1.5971570000000002
1.4274580000000001 16.295046 -1.188434
3.1746580000000004 12.900101999999999 -5.420869
-3.646974 14.093602999999998 -2.069339
2.197058 10.772224 -5.624155
2.904258 15.273928 -1.624047
-3.6053740000000003 5.344926 0.847652
-3.2933740000000005 11.44199 -5.193919999999999
1.6146580000000001 15.086174 -5.454212
3.3618580000000002 14.673333999999999 -1.746663
1.7602579999999999 5.346024 3.283857
1.281858 5.346024 3.4968230000000005
3.3541550000000004 13.276708000000001 -5.173483999999999
3.4165550000000002 12.09858 -5.207903
-2.053077 15.981024 -1.348696
2.938155 11.612176 -5.527352
3.478955 14.455935 -1.929513
3.853355 13.423836999999999 -2.3038179999999997
3.2917549999999998 14.777641999999998 -1.8004429999999998
-1.7826769999999998 15.883304 5.357589
-1.7826769999999998 9.376695999999999 5.357589
0.12322 16.337867 5.357589
0.12322 8.922134 5.357589
-1.22878 15.204755 -5.487555
-0.91678 15.972241 -4.862639
-0.5215799999999999 5.346024 -3.738651
-0.7919799999999999 9.728048000000001 -5.623079000000001
-0.7919799999999999 15.030177 -5.59834
0.08162 9.364618 -5.548863
0.31042000000000003 16.363120000000002 5.302734
0.85122 15.351883999999998 -5.4800260000000005
1.800317 10.080499 -5.583282
2.257917 14.569027000000002 -5.460665
0.261117 5.346024 3.714092
1.134717 16.387276 -0.822734
2.008317 14.169362999999999 -5.617701
0.656317 16.318103 5.301658
2.798717 14.874264 -4.673336
2.549117 15.377137 5.298432
2.299517 10.690974 -5.597265
3.089917 15.063115999999999 -1.675675
-3.5730180000000002 11.949255 -4.861564
-2.865818 15.044450000000001 5.300583
-2.865818 13.362350000000001 -5.527352
2.5206139999999997 14.797405999999999 -5.170257
3.623014 14.13862 -1.719774
-3.677018 13.124089 5.357589
-3.677018 12.134813 5.357589
2.187814 15.115819 -5.160577
-2.574618 14.661256999999999 -5.227263
-1.7842179999999999 9.882863 -5.519823
3.5190140000000003 11.682446 -4.866941000000001
3.747814 5.346024 -0.158021
-2.2834179999999997 15.821818000000002 -1.048607
-1.8882179999999997 15.706529999999999 -4.423799
-3.2402180000000005 13.992588999999999 -4.956215
-3.489818 12.333546 -5.124007
3.727014 13.889378999999998 -2.060735
-0.023921 16.001886000000002 -5.07453
-2.353521 15.547324000000001 5.295205
-1.958321 16.041413 -1.192736
1.985976 16.021649 -1.313202
0.7795759999999999 5.346024 3.640952
3.455073 13.550104 -4.861564
2.498273 15.665904999999999 -1.46486
-3.0545590000000002 14.446053000000001 -4.824993
3.039073 11.538611999999999 -5.4552879999999995
3.434273 12.339036 -5.2036
-2.992159 11.592412000000001 -5.499385999999999
3.746273 12.497145 5.295205
-3.4081590000000004 13.534733 -4.976651
3.2470730000000003 5.346024 1.847948
-2.700959 14.352725 -5.320839
-3.179359 14.930261 -1.410005
-3.657759 12.443344 -4.650748
-3.740959 12.403817 5.298432
-2.472159 15.439722 -3.450393
-2.950559 14.671138000000001 -4.698074
1.562273 10.085989 -5.620928
2.352673 15.125701 -5.003541
3.3849700000000005 11.399169 -5.0207500000000005
-1.8558620000000001 15.677983000000001 -4.637841
-3.2078620000000004 14.253906999999998 -4.721737
-3.145462 14.991748 -1.6907330000000003
-2.521462 14.952219999999999 -5.0207500000000005
-2.604662 5.346024 2.670773
-2.209462 15.322239000000001 -4.893831
-0.9406619999999999 15.71751 -5.204676
-1.273462 16.342258 -0.842095
0.382835 15.338708 -5.528427000000001
-0.573965 15.737274000000001 -5.260606
-1.239565 16.016159 -4.39691
-3.6385 5.344926 0.87992
-3.4097000000000004 11.647311 -5.1078730000000006
2.517532 10.498828 -5.467119
-3.4305000000000003 14.139718000000002 5.298432
0.6871320000000001 16.060078999999998 -4.7830449999999995
1.477532 13.813619 -5.628457
2.7463319999999998 13.893771 -5.46927
2.184732 15.51109 -4.425951
1.061532 14.726037 -5.627381
2.954332 5.346024 2.28141
3.2794289999999995 11.455165000000001 -5.220809
2.801029 15.121309 5.295205
-2.523003 14.231948 -5.471421
3.341829 14.062859 -4.538887
-1.3374030000000001 9.715971 -5.5628459999999995
2.780229 12.826538000000001 -5.6026430000000005
-2.689403 13.472148 -5.573601999999999
-3.729403 5.344926 0.364714
3.7162290000000002 12.142498999999999 5.298432
3.5498290000000003 12.312685 -5.014297
-1.5246030000000002 5.346024 -3.451469
-1.857403 15.449604 -5.054093
3.362629 11.768089 -5.217583
-0.034706 15.968947 -5.12078
0.027694 16.289556 -4.386153999999999
0.485294 15.582459000000002 -5.383223
-1.0331059999999999 9.499668999999999 -5.525201
-1.0331059999999999 5.346024 -3.630016
-1.761106 15.939301 5.295205
-0.5755060000000001 15.856952999999999 -5.135838000000001
-0.26350599999999996 15.221224999999999 -5.573601999999999
0.45679099999999995 16.527817 -1.150788
2.203991 5.346024 3.007431
1.7255909999999999 15.276124 -5.297176
2.432791 14.68651 -5.31331
-0.042409 16.286262 -4.384003
2.640791 13.730173 -5.549939
1.995991 15.757036999999999 5.357589
1.995991 9.502963000000001 5.357589
-0.000809 16.208306 -4.728191000000001
1.413591 15.90746 -4.607725
