18
1.0359962 2.6403382 0.01546287
-0.77783796 1.4218212 5.2365921
-0.54814168 -0.00911208 5.372471
0.58398261 1.4274294 5.3803451
-0.52779196 1.4293112 5.3849034
1.0448623 0.25833049 0.01468011
0.61380183 -0.00206026 5.3577621
1.040047 2.525341 1.9036589
-1.0479453 1.6101561 1.8988166
0.86160759 1.3988716 5.1327914
0.8692774 -0.01326427 5.0166227
-1.038885 2.5220269 1.918762
-1.0401266 2.630941 0.01665097
-0.8622936 -0.00568019 5.0952822
-0.88411747 1.391758 5.0589357
-1.0387184 0.25341832 0.01316962
1.0494819 1.5102643 1.843559
-0.87303957 -0.00235252 3.6164846
