102
-1.2987929 -9.2495754 6.5711945
2.6034305 7.5297579 -0.50308476
0.36021259 -10.119468 -1.2627636
1.7585102 -9.740705 5.1984645
-0.0626994 -8.7974742 -2.4961604
-0.00159471 9.8496065 2.7081793
-1.6013131 -9.9628635 4.9301431
-1.8192638 9.9517941 4.3814171
2.0670876 9.3691841 4.3308292
1.5804905 -9.9416263 5.4970272
2.8015081 4.2042349 -0.63496036
-1.7053667 -9.552478 2.2121202
1.5718378 -9.1779575 6.4912535
-0.00410844 -10.398972 0.56908764
-2.4495253 8.5892349 -0.18327292
-2.3555784 9.1166317 0.46079201
-1.6804168 -9.1906123 0.6295485
3.1589791 -0.05585176 0.62142271
2.5447942 8.1180505 0.35006048
-1.4623098 10.016821 5.5734918
-0.03141314 9.4615348 0.75746584
1.8555859 9.4601944 5.6617286
1.7129453 9.9067219 5.4305159
-0.00172733 -10.37427 -0.91993045
1.2505684 -10.018752 5.689415
1.5396897 9.2905588 6.4556271
2.481675 7.4377544 -0.71557001
-1.4421957 9.1276459 6.5689735
1.6734907 9.0128921 6.4431861
1.6955528 -9.1602914 0.5562833
0.30760018 -8.7972894 -2.3978725
0.3810338 -8.2966186 -2.4449335
-0.03373227 8.656162 -0.41632811
-0.01734058 9.0995036 0.05767836
-2.302609 9.2896864 0.98768622
-1.9066794 9.7697139 2.4627481
0.11905886 -10.030148 5.8623131
-0.93238689 -9.9982642 5.84892
-2.2761129 8.0174364 -0.69095395
-1.8448681 9.2015527 5.8393169
-1.4017116 -10.009112 5.6026947
-1.5471708 -9.0706326 6.5190099
-0.08678295 -8.2548469 -2.58702
-1.4617026 -9.3441695 6.4500049
1.6558219 -8.5132174 -0.38727361
0.34947696 -10.271564 -0.80293408
-0.15001483 -4.586985 -2.5924802
1.9802047 9.701106 2.0913975
-0.05056394 -9.2945315 6.5953106
2.2707801 9.3735553 1.4340023
-0.32150913 -8.7765984 -2.3884393
-0.16167294 9.7471058 6.2307335
1.9268826 9.8493569 4.4941738
-1.9229222 9.7260572 5.0588429
3.1615783 -0.18608572 0.1179706
-2.1822143 9.5441706 2.1756364
-3.1597503 -0.19865041 0.11529312
-2.8010866 4.1784301 -0.63964021
-2.527036 8.2065113 0.51970407
0.00318097 -9.945143 -1.7161205
1.6230108 -9.9537522 5.1584091
2.4729386 8.5740104 -0.12316935
1.6218385 10.028522 4.5869768
-1.6532693 -8.2236275 -0.51181093
1.3424811 -9.1927007 6.5731309
1.7134251 -8.9271225 6.3614391
-2.4650248 7.6668002 -0.69321259
0.99415472 10.003474 5.8340795
-2.5980987 7.5769715 -0.50822329
2.4515167 8.170259 -0.50514233
-1.6994849 9.9362858 5.4114785
-1.6045524 9.3209259 6.3616872
-1.6767239 9.0252206 6.4332202
2.2376979 8.3355196 -0.55261129
2.2959098 7.7901378 -0.73990389
-0.01125689 9.2808492 6.5962151
-2.0657644 9.4667912 0.95379846
-2.1324959 9.0926901 0.09798021
2.2314286 8.8249974 -0.19331998
0.04696016 -9.6655883 6.3078359
-0.08337708 8.0259971 -0.73217172
-1.6632145 -9.8553985 5.4733936
1.3138735 -9.4062887 6.4683184
-1.725466 -9.0700313 6.308201
1.7607164 -9.3847573 5.8448486
-1.2566711 9.3712494 6.516847
-2.2732778 8.5434474 -0.41203317
0.19174364 -4.5519941 -2.5659434
-0.3616771 -10.115781 -1.2610325
1.3539581 9.2672139 6.568788
-0.36368154 -8.358591 -2.4606258
2.134259 9.4333127 0.89420071
1.7033163 -9.6802257 3.0322038
2.1482904 9.1794685 0.26841285
2.3869157 9.0401404 0.43682368
-3.1635918 -0.05787329 0.59730746
-0.44943881 10.042588 5.8119092
-0.3429556 -10.259785 -0.89642964
1.5550924 10.019979 5.4672599
-1.7510375 -9.7907618 5.1666163
0.18427898 -8.4002309 -2.5524901
-1.6812237 -8.75329 -0.12064525
