866
1.88416 -5.17891 -12.1005
1.88416 -5.17891 -12.1005
1.88416 -5.17891 -12.1005
1.88416 -5.17891 -12.1005
1.88416 -5.17891 -12.1005
9.27552 11.0336 0.0886934
9.27552 11.0336 0.0886934
9.27552 11.0336 0.0886934
9.27552 11.0336 0.0886934
9.27552 11.0336 0.0886934
-4.61536 0.280875 -4.16407
-4.61536 0.280875 -4.16407
-4.61536 0.280875 -4.16407
-4.61536 0.280875 -4.16407
-4.61536 0.280875 -4.16407
-4.61536 0.280875 -4.16407
11.2032 0.0600964 4.6705
11.2032 0.0600964 4.6705
11.2032 0.0600964 4.6705
11.2032 0.0600964 4.6705
11.2032 0.0600964 4.6705
-5.11328 1.66096 -8.99536
-5.11328 1.66096 -8.99536
-5.11328 1.66096 -8.99536
-5.11328 1.66096 -8.99536
-5.11328 1.66096 -8.99536
-5.11328 1.66096 -8.99536
-5.11328 1.66096 -8.99536
7.47424 10.9198 -1.3768
7.47424 10.9198 -1.3768
7.47424 10.9198 -1.3768
7.47424 10.9198 -1.3768
7.47424 10.9198 -1.3768
7.47424 10.9198 -1.3768
7.47424 10.9198 -1.3768
11.6384 10.0933 1.42785
11.6384 10.0933 1.42785
11.6384 10.0933 1.42785
11.6384 10.0933 1.42785
11.6384 10.0933 1.42785
-2.75328 -4.40257 -7.42818
-2.75328 -4.40257 -7.42818
-2.75328 -4.40257 -7.42818
-2.75328 -4.40257 -7.42818
-2.75328 -4.40257 -7.42818
-2.75328 -4.40257 -7.42818
5.92789 0.0605683 5.01099
5.92789 0.0605683 5.01099
5.92789 0.0605683 5.01099
5.92789 0.0605683 5.01099
5.92789 0.0605683 5.01099
5.92789 0.0605683 5.01099
13.0017 6.53507 -2.27708
13.0017 6.53507 -2.27708
13.0017 6.53507 -2.27708
13.0017 6.53507 -2.27708
13.0017 6.53507 -2.27708
13.0017 6.53507 -2.27708
-3.67766 -3.8714 -8.67505
-3.67766 -3.8714 -8.67505
-3.67766 -3.8714 -8.67505
-3.67766 -3.8714 -8.67505
-3.67766 -3.8714 -8.67505
-3.67766 -3.8714 -8.67505
7.63018 10.8275 1.75586
7.63018 10.8275 1.75586
7.63018 10.8275 1.75586
7.63018 10.8275 1.75586
-5.15318 0.0953113 -7.08783
-5.15318 0.0953113 -7.08783
-5.15318 0.0953113 -7.08783
-5.15318 0.0953113 -7.08783
-5.15318 0.0953113 -7.08783
-5.15318 0.0953113 -7.08783
-5.15318 0.0953113 -7.08783
7.61002 11.0146 0.945723
7.61002 11.0146 0.945723
7.61002 11.0146 0.945723
7.61002 11.0146 0.945723
7.61002 11.0146 0.945723
7.61002 11.0146 0.945723
9.71327 6.63088 5.04643
9.71327 6.63088 5.04643
9.71327 6.63088 5.04643
9.71327 6.63088 5.04643
9.71327 6.63088 5.04643
9.71327 6.63088 5.04643
-1.66753 5.27578 -12.1001
-1.66753 5.27578 -12.1001
-1.66753 5.27578 -12.1001
-1.66753 5.27578 -12.1001
-1.66753 5.27578 -12.1001
-1.66753 5.27578 -12.1001
8.22207 10.7566 -2.0426
8.22207 10.7566 -2.0426
8.22207 10.7566 -2.0426
8.22207 10.7566 -2.0426
8.22207 10.7566 -2.0426
8.29492 11.1203 -0.159605
8.29492 11.1203 -0.159605
8.29492 11.1203 -0.159605
8.29492 11.1203 -0.159605
8.29492 11.1203 -0.159605
8.29492 11.1203 -0.159605
-5.27756 0.82402 -8.74129
-5.27756 0.82402 -8.74129
-5.27756 0.82402 -8.74129
-5.27756 0.82402 -8.74129
-5.27756 0.82402 -8.74129
12.1106 8.49743 -2.98338
12.1106 8.49743 -2.98338
12.1106 8.49743 -2.98338
12.1106 8.49743 -2.98338
12.1106 8.49743 -2.98338
12.1106 8.49743 -2.98338
12.8178 9.30173 -0.466271
12.8178 9.30173 -0.466271
12.8178 9.30173 -0.466271
12.8178 9.30173 -0.466271
12.8178 9.30173 -0.466271
12.8178 9.30173 -0.466271
10.4194 8.64487 4.3301
10.4194 8.64487 4.3301
10.4194 8.64487 4.3301
10.4194 8.64487 4.3301
10.4194 8.64487 4.3301
10.4194 8.64487 4.3301
0.950641 5.49678 -12.0998
0.950641 5.49678 -12.0998
0.950641 5.49678 -12.0998
0.950641 5.49678 -12.0998
0.950641 5.49678 -12.0998
9.02313 9.22979 4.57067
9.02313 9.22979 4.57067
9.02313 9.22979 4.57067
9.02313 9.22979 4.57067
9.02313 9.22979 4.57067
9.02313 9.22979 4.57067
9.02313 9.22979 4.57067
9.02313 9.22979 4.57067
-4.80663 -2.15763 -8.03416
-4.80663 -2.15763 -8.03416
-4.80663 -2.15763 -8.03416
-4.80663 -2.15763 -8.03416
-4.80663 -2.15763 -8.03416
-2.56919 -4.89995 -12.0998
-2.56919 -4.89995 -12.0998
-2.56919 -4.89995 -12.0998
-2.56919 -4.89995 -12.0998
7.25801 11.0435 0.00575046
7.25801 11.0435 0.00575046
7.25801 11.0435 0.00575046
7.25801 11.0435 0.00575046
7.25801 11.0435 0.00575046
7.25801 11.0435 0.00575046
10.2467 0.0564429 5.14689
10.2467 0.0564429 5.14689
10.2467 0.0564429 5.14689
10.2467 0.0564429 5.14689
10.2467 0.0564429 5.14689
9.1923 0.0611165 5.45111
9.1923 0.0611165 5.45111
9.1923 0.0611165 5.45111
9.1923 0.0611165 5.45111
9.1923 0.0611165 5.45111
11.4547 9.38091 3.21403
11.4547 9.38091 3.21403
11.4547 9.38091 3.21403
11.4547 9.38091 3.21403
11.4547 9.38091 3.21403
-3.78626 0.27259 -2.65011
-3.78626 0.27259 -2.65011
-3.78626 0.27259 -2.65011
-3.78626 0.27259 -2.65011
-3.78626 0.27259 -2.65011
-4.32738 0.142168 -3.36173
-4.32738 0.142168 -3.36173
-4.32738 0.142168 -3.36173
-4.32738 0.142168 -3.36173
-4.32738 0.142168 -3.36173
-4.32738 0.142168 -3.36173
-4.32738 0.142168 -3.36173
-2.52429 -3.70233 -3.69862
-2.52429 -3.70233 -3.69862
-2.52429 -3.70233 -3.69862
-2.52429 -3.70233 -3.69862
-2.52429 -3.70233 -3.69862
-2.52429 -3.70233 -3.69862
-2.52429 -3.70233 -3.69862
-2.11533 -4.87489 -8.44592
-2.11533 -4.87489 -8.44592
-2.11533 -4.87489 -8.44592
-2.11533 -4.87489 -8.44592
-2.11533 -4.87489 -8.44592
6.37555 10.6924 -1.25485
6.37555 10.6924 -1.25485
6.37555 10.6924 -1.25485
6.37555 10.6924 -1.25485
6.37555 10.6924 -1.25485
9.11955 10.9398 1.26026
9.11955 10.9398 1.26026
9.11955 10.9398 1.26026
9.11955 10.9398 1.26026
9.11955 10.9398 1.26026
9.11955 10.9398 1.26026
9.86483 10.107 -3.30431
9.86483 10.107 -3.30431
9.86483 10.107 -3.30431
9.86483 10.107 -3.30431
9.86483 10.107 -3.30431
9.86483 10.107 -3.30431
6.36723 9.05693 4.31581
6.36723 9.05693 4.31581
6.36723 9.05693 4.31581
6.36723 9.05693 4.31581
6.36723 9.05693 4.31581
6.36723 9.05693 4.31581
6.36723 9.05693 4.31581
-3.01869 -2.31463 -2.6645
-3.01869 -2.31463 -2.6645
-3.01869 -2.31463 -2.6645
-3.01869 -2.31463 -2.6645
0.460455 -5.22447 -7.88562
0.460455 -5.22447 -7.88562
0.460455 -5.22447 -7.88562
0.460455 -5.22447 -7.88562
0.460455 -5.22447 -7.88562
10.1588 10.7713 0.665414
10.1588 10.7713 0.665414
10.1588 10.7713 0.665414
10.1588 10.7713 0.665414
10.1588 10.7713 0.665414
10.1588 10.7713 0.665414
-3.37176 -3.09051 -3.97628
-3.37176 -3.09051 -3.97628
-3.37176 -3.09051 -3.97628
-3.37176 -3.09051 -3.97628
-3.37176 -3.09051 -3.97628
-3.37176 -3.09051 -3.97628
-3.37176 -3.09051 -3.97628
12.4788 9.13032 -1.98981
12.4788 9.13032 -1.98981
12.4788 9.13032 -1.98981
12.4788 9.13032 -1.98981
12.4788 9.13032 -1.98981
12.4788 9.13032 -1.98981
12.4788 9.13032 -1.98981
13.498 0.0581954 -1.73093
13.498 0.0581954 -1.73093
13.498 0.0581954 -1.73093
13.498 0.0581954 -1.73093
13.498 0.0581954 -1.73093
7.00872 10.1035 3.50396
7.00872 10.1035 3.50396
7.00872 10.1035 3.50396
7.00872 10.1035 3.50396
7.00872 10.1035 3.50396
7.00872 10.1035 3.50396
7.00872 10.1035 3.50396
7.00872 10.1035 3.50396
7.00872 10.1035 3.50396
13.0388 8.68524 0.529165
13.0388 8.68524 0.529165
13.0388 8.68524 0.529165
13.0388 8.68524 0.529165
13.0388 8.68524 0.529165
7.77768 8.58052 4.83968
7.77768 8.58052 4.83968
7.77768 8.58052 4.83968
7.77768 8.58052 4.83968
7.77768 8.58052 4.83968
5.44008 0.896836 -12.1
5.44008 0.896836 -12.1
5.44008 0.896836 -12.1
5.44008 0.896836 -12.1
5.44008 0.896836 -12.1
11.3908 9.15453 -3.44387
11.3908 9.15453 -3.44387
11.3908 9.15453 -3.44387
11.3908 9.15453 -3.44387
11.3908 9.15453 -3.44387
11.3908 9.15453 -3.44387
11.3908 9.15453 -3.44387
-3.96291 -1.12274 -3.03964
-3.96291 -1.12274 -3.03964
-3.96291 -1.12274 -3.03964
-3.96291 -1.12274 -3.03964
-3.96291 -1.12274 -3.03964
-3.96291 -1.12274 -3.03964
9.0021 10.0948 3.61328
9.0021 10.0948 3.61328
9.0021 10.0948 3.61328
9.0021 10.0948 3.61328
9.0021 10.0948 3.61328
12.4245 8.66282 2.4384
12.4245 8.66282 2.4384
12.4245 8.66282 2.4384
12.4245 8.66282 2.4384
12.4245 8.66282 2.4384
12.4245 8.66282 2.4384
5.11922 0.0884556 4.54642
5.11922 0.0884556 4.54642
5.11922 0.0884556 4.54642
5.11922 0.0884556 4.54642
5.11922 0.0884556 4.54642
5.11922 0.0884556 4.54642
5.11922 0.0884556 4.54642
5.11922 0.0884556 4.54642
5.11922 0.0884556 4.54642
10.6453 6.56105 4.68808
10.6453 6.56105 4.68808
10.6453 6.56105 4.68808
10.6453 6.56105 4.68808
10.6453 6.56105 4.68808
11.9397 10.0939 0.0437513
11.9397 10.0939 0.0437513
11.9397 10.0939 0.0437513
11.9397 10.0939 0.0437513
11.9397 10.0939 0.0437513
11.9397 10.0939 0.0437513
-4.77326 -0.744948 -5.19108
-4.77326 -0.744948 -5.19108
-4.77326 -0.744948 -5.19108
-4.77326 -0.744948 -5.19108
-4.77326 -0.744948 -5.19108
5.11026 6.7234 4.20125
5.11026 6.7234 4.20125
5.11026 6.7234 4.20125
5.11026 6.7234 4.20125
5.11026 6.7234 4.20125
5.11026 6.7234 4.20125
13.3141 6.61252 -1.42478
13.3141 6.61252 -1.42478
13.3141 6.61252 -1.42478
13.3141 6.61252 -1.42478
13.3141 6.61252 -1.42478
13.3141 6.61252 -1.42478
13.0133 8.67177 -0.825564
13.0133 8.67177 -0.825564
13.0133 8.67177 -0.825564
13.0133 8.67177 -0.825564
13.0133 8.67177 -0.825564
-4.96153 2.46669 -12.0993
-4.96153 2.46669 -12.0993
-4.96153 2.46669 -12.0993
-4.96153 2.46669 -12.0993
-4.96153 2.46669 -12.0993
-1.95257 -4.23117 -4.36162
-1.95257 -4.23117 -4.36162
-1.95257 -4.23117 -4.36162
-1.95257 -4.23117 -4.36162
-1.95257 -4.23117 -4.36162
-3.86009 1.2569 -2.95647
-3.86009 1.2569 -2.95647
-3.86009 1.2569 -2.95647
-3.86009 1.2569 -2.95647
-3.86009 1.2569 -2.95647
-3.86009 1.2569 -2.95647
-3.86009 1.2569 -2.95647
4.98812 2.37866 -12.1
4.98812 2.37866 -12.1
4.98812 2.37866 -12.1
4.98812 2.37866 -12.1
11.6054 8.61657 3.47882
11.6054 8.61657 3.47882
11.6054 8.61657 3.47882
11.6054 8.61657 3.47882
11.6054 8.61657 3.47882
11.6054 8.61657 3.47882
-5.097 -1.16425 -7.66108
-5.097 -1.16425 -7.66108
-5.097 -1.16425 -7.66108
-5.097 -1.16425 -7.66108
-5.097 -1.16425 -7.66108
-5.097 -1.16425 -7.66108
-0.406568 -4.57879 -4.10492
-0.406568 -4.57879 -4.10492
-0.406568 -4.57879 -4.10492
-0.406568 -4.57879 -4.10492
-0.406568 -4.57879 -4.10492
-0.406568 -4.57879 -4.10492
12.2662 9.37473 2.14215
12.2662 9.37473 2.14215
12.2662 9.37473 2.14215
12.2662 9.37473 2.14215
12.2662 9.37473 2.14215
13.5174 6.5815 -0.126348
13.5174 6.5815 -0.126348
13.5174 6.5815 -0.126348
13.5174 6.5815 -0.126348
13.5174 6.5815 -0.126348
13.5174 6.5815 -0.126348
-3.8922 -3.33926 -6.98881
-3.8922 -3.33926 -6.98881
-3.8922 -3.33926 -6.98881
-3.8922 -3.33926 -6.98881
-3.8922 -3.33926 -6.98881
8.53425 10.8684 1.7137
8.53425 10.8684 1.7137
8.53425 10.8684 1.7137
8.53425 10.8684 1.7137
8.53425 10.8684 1.7137
8.53425 10.8684 1.7137
-0.388374 -4.96752 -6.00692
-0.388374 -4.96752 -6.00692
-0.388374 -4.96752 -6.00692
-0.388374 -4.96752 -6.00692
-0.388374 -4.96752 -6.00692
-0.388374 -4.96752 -6.00692
-0.388374 -4.96752 -6.00692
6.66353 10.791 1.13815
6.66353 10.791 1.13815
6.66353 10.791 1.13815
6.66353 10.791 1.13815
6.66353 10.791 1.13815
6.66353 10.791 1.13815
6.66353 10.791 1.13815
-4.67535 -2.95402 -12.0958
-4.67535 -2.95402 -12.0958
-4.67535 -2.95402 -12.0958
-4.67535 -2.95402 -12.0958
-0.713005 -5.46677 -12.0995
-0.713005 -5.46677 -12.0995
-0.713005 -5.46677 -12.0995
-0.713005 -5.46677 -12.0995
-0.713005 -5.46677 -12.0995
10.6871 10.1004 2.79086
10.6871 10.1004 2.79086
10.6871 10.1004 2.79086
10.6871 10.1004 2.79086
10.6871 10.1004 2.79086
10.6871 10.1004 2.79086
10.6871 10.1004 2.79086
10.6871 10.1004 2.79086
-3.97562 2.09145 -3.71295
-3.97562 2.09145 -3.71295
-3.97562 2.09145 -3.71295
-3.97562 2.09145 -3.71295
-3.97562 2.09145 -3.71295
-3.97562 2.09145 -3.71295
-5.46458 -0.760578 -12.0996
-5.46458 -0.760578 -12.0996
-5.46458 -0.760578 -12.0996
-5.46458 -0.760578 -12.0996
-5.46458 -0.760578 -12.0996
1.11526 -5.09587 -7.56272
1.11526 -5.09587 -7.56272
1.11526 -5.09587 -7.56272
1.11526 -5.09587 -7.56272
1.11526 -5.09587 -7.56272
1.11526 -5.09587 -7.56272
1.11526 -5.09587 -7.56272
-0.606089 -4.33475 -3.47164
-0.606089 -4.33475 -3.47164
-0.606089 -4.33475 -3.47164
-0.606089 -4.33475 -3.47164
-0.606089 -4.33475 -3.47164
-0.606089 -4.33475 -3.47164
11.444 10.1004 -1.91103
11.444 10.1004 -1.91103
11.444 10.1004 -1.91103
11.444 10.1004 -1.91103
11.444 10.1004 -1.91103
11.444 10.1004 -1.91103
11.444 10.1004 -1.91103
-2.89264 -4.5977 -9.80788
-2.89264 -4.5977 -9.80788
-2.89264 -4.5977 -9.80788
-2.89264 -4.5977 -9.80788
-2.89264 -4.5977 -9.80788
-2.89264 -4.5977 -9.80788
-4.03664 3.50953 -8.66694
-4.03664 3.50953 -8.66694
-4.03664 3.50953 -8.66694
-4.03664 3.50953 -8.66694
-4.03664 3.50953 -8.66694
-4.03664 3.50953 -8.66694
4.71173 10.087 1.04199
4.71173 10.087 1.04199
4.71173 10.087 1.04199
4.71173 10.087 1.04199
4.71173 10.087 1.04199
4.71173 10.087 1.04199
4.71173 10.087 1.04199
4.71173 10.087 1.04199
8.66565 10.9898 -1.19636
8.66565 10.9898 -1.19636
8.66565 10.9898 -1.19636
8.66565 10.9898 -1.19636
8.66565 10.9898 -1.19636
8.66565 10.9898 -1.19636
13.7561 0.0591337 -0.519874
13.7561 0.0591337 -0.519874
13.7561 0.0591337 -0.519874
13.7561 0.0591337 -0.519874
13.7561 0.0591337 -0.519874
13.7561 0.0591337 -0.519874
11.5961 6.65443 4.05958
11.5961 6.65443 4.05958
11.5961 6.65443 4.05958
11.5961 6.65443 4.05958
11.5961 6.65443 4.05958
11.5961 6.65443 4.05958
-5.40518 -0.520843 -9.78562
-5.40518 -0.520843 -9.78562
-5.40518 -0.520843 -9.78562
-5.40518 -0.520843 -9.78562
-5.40518 -0.520843 -9.78562
8.54362 6.59795 5.26127
8.54362 6.59795 5.26127
8.54362 6.59795 5.26127
8.54362 6.59795 5.26127
8.54362 6.59795 5.26127
8.54362 6.59795 5.26127
8.54362 6.59795 5.26127
13.6889 0.0544185 1.02117
13.6889 0.0544185 1.02117
13.6889 0.0544185 1.02117
13.6889 0.0544185 1.02117
13.6889 0.0544185 1.02117
13.6889 0.0544185 1.02117
13.6889 0.0544185 1.02117
-1.31622 -5.06731 -7.76653
-1.31622 -5.06731 -7.76653
-1.31622 -5.06731 -7.76653
-1.31622 -5.06731 -7.76653
-1.31622 -5.06731 -7.76653
-1.31622 -5.06731 -7.76653
-2.94214 -3.96236 -5.74832
-2.94214 -3.96236 -5.74832
-2.94214 -3.96236 -5.74832
-2.94214 -3.96236 -5.74832
-2.94214 -3.96236 -5.74832
-2.94214 -3.96236 -5.74832
6.38159 10.8261 0.0703591
6.38159 10.8261 0.0703591
6.38159 10.8261 0.0703591
6.38159 10.8261 0.0703591
6.38159 10.8261 0.0703591
4.12783 8.9486 2.28934
4.12783 8.9486 2.28934
4.12783 8.9486 2.28934
4.12783 8.9486 2.28934
4.12783 8.9486 2.28934
4.12783 8.9486 2.28934
-1.31537 -4.3029 -3.76573
-1.31537 -4.3029 -3.76573
-1.31537 -4.3029 -3.76573
-1.31537 -4.3029 -3.76573
-1.31537 -4.3029 -3.76573
-1.31537 -4.3029 -3.76573
8.21892 0.0567656 5.51564
8.21892 0.0567656 5.51564
8.21892 0.0567656 5.51564
8.21892 0.0567656 5.51564
8.21892 0.0567656 5.51564
13.3242 6.61993 1.4384
13.3242 6.61993 1.4384
13.3242 6.61993 1.4384
13.3242 6.61993 1.4384
13.3242 6.61993 1.4384
13.3242 6.61993 1.4384
13.3242 6.61993 1.4384
-4.49756 2.50288 -7.05705
-4.49756 2.50288 -7.05705
-4.49756 2.50288 -7.05705
-4.49756 2.50288 -7.05705
-4.49756 2.50288 -7.05705
-4.49756 2.50288 -7.05705
-4.49756 2.50288 -7.05705
13.2378 0.060846 2.38331
13.2378 0.060846 2.38331
13.2378 0.060846 2.38331
13.2378 0.060846 2.38331
13.2378 0.060846 2.38331
-1.58556 -3.83801 -3.09711
-1.58556 -3.83801 -3.09711
-1.58556 -3.83801 -3.09711
-1.58556 -3.83801 -3.09711
-1.58556 -3.83801 -3.09711
5.93476 6.61948 4.71891
5.93476 6.61948 4.71891
5.93476 6.61948 4.71891
5.93476 6.61948 4.71891
5.93476 6.61948 4.71891
7.14852 0.056804 5.41915
7.14852 0.056804 5.41915
7.14852 0.056804 5.41915
7.14852 0.056804 5.41915
7.14852 0.056804 5.41915
9.90713 10.8666 -0.573552
9.90713 10.8666 -0.573552
9.90713 10.8666 -0.573552
9.90713 10.8666 -0.573552
9.90713 10.8666 -0.573552
9.90713 10.8666 -0.573552
-3.97191 3.79172 -10.6977
-3.97191 3.79172 -10.6977
-3.97191 3.79172 -10.6977
-3.97191 3.79172 -10.6977
-3.97191 3.79172 -10.6977
9.25838 10.8213 -1.5935
9.25838 10.8213 -1.5935
9.25838 10.8213 -1.5935
9.25838 10.8213 -1.5935
9.25838 10.8213 -1.5935
3.51182 4.301 -12.0998
3.51182 4.301 -12.0998
3.51182 4.301 -12.0998
-0.830475 -5.3734 -9.88514
-0.830475 -5.3734 -9.88514
-0.830475 -5.3734 -9.88514
-0.830475 -5.3734 -9.88514
-0.830475 -5.3734 -9.88514
-4.44125 -0.870769 -3.85018
-4.44125 -0.870769 -3.85018
-4.44125 -0.870769 -3.85018
-4.44125 -0.870769 -3.85018
-4.44125 -0.870769 -3.85018
-4.44125 -0.870769 -3.85018
6.94307 6.5546 5.10132
6.94307 6.5546 5.10132
6.94307 6.5546 5.10132
6.94307 6.5546 5.10132
6.94307 6.5546 5.10132
6.94307 6.5546 5.10132
-3.77853 3.32669 -6.34652
-3.77853 3.32669 -6.34652
-3.77853 3.32669 -6.34652
-3.77853 3.32669 -6.34652
-5.44221 0.201045 -9.9662
-5.44221 0.201045 -9.9662
-5.44221 0.201045 -9.9662
-5.44221 0.201045 -9.9662
-5.44221 0.201045 -9.9662
4.54456 10.0871 -0.246525
4.54456 10.0871 -0.246525
4.54456 10.0871 -0.246525
4.54456 10.0871 -0.246525
4.54456 10.0871 -0.246525
4.54456 10.0871 -0.246525
4.54456 10.0871 -0.246525
12.5852 6.59154 3.00172
12.5852 6.59154 3.00172
12.5852 6.59154 3.00172
12.5852 6.59154 3.00172
12.5852 6.59154 3.00172
12.5852 6.59154 3.00172
12.5852 6.59154 3.00172
12.7308 0.0507279 3.22474
12.7308 0.0507279 3.22474
12.7308 0.0507279 3.22474
12.7308 0.0507279 3.22474
12.7308 0.0507279 3.22474
12.7308 0.0507279 3.22474
12.9196 0.077646 -2.96128
12.9196 0.077646 -2.96128
12.9196 0.077646 -2.96128
12.9196 0.077646 -2.96128
12.9196 0.077646 -2.96128
12.9196 0.077646 -2.96128
12.9196 0.077646 -2.96128
5.49176 -0.783486 -12.0998
5.49176 -0.783486 -12.0998
5.49176 -0.783486 -12.0998
0.727984 -4.77786 -5.22291
0.727984 -4.77786 -5.22291
0.727984 -4.77786 -5.22291
0.727984 -4.77786 -5.22291
0.727984 -4.77786 -5.22291
-0.414224 -5.27519 -8.21236
-0.414224 -5.27519 -8.21236
-0.414224 -5.27519 -8.21236
-0.414224 -5.27519 -8.21236
-0.414224 -5.27519 -8.21236
-3.70867 4.10233 -12.1018
-3.70867 4.10233 -12.1018
-3.70867 4.10233 -12.1018
-3.70867 4.10233 -12.1018
-3.68179 2.72153 -4.03916
-3.68179 2.72153 -4.03916
-3.68179 2.72153 -4.03916
-3.68179 2.72153 -4.03916
-3.68179 2.72153 -4.03916
-5.20083 -1.67704 -10.2348
-5.20083 -1.67704 -10.2348
-5.20083 -1.67704 -10.2348
-5.20083 -1.67704 -10.2348
-5.20083 -1.67704 -10.2348
-5.20083 -1.67704 -10.2348
-5.20083 -1.67704 -10.2348
-3.48435 -1.39181 -2.61534
-3.48435 -1.39181 -2.61534
-3.48435 -1.39181 -2.61534
-3.48435 -1.39181 -2.61534
-3.48435 -1.39181 -2.61534
-4.59187 1.82666 -5.8169
-4.59187 1.82666 -5.8169
-4.59187 1.82666 -5.8169
-4.59187 1.82666 -5.8169
-4.59187 1.82666 -5.8169
-4.84019 1.14506 -5.98289
-4.84019 1.14506 -5.98289
-4.84019 1.14506 -5.98289
-4.84019 1.14506 -5.98289
-4.84019 1.14506 -5.98289
-4.84019 1.14506 -5.98289
5.31341 10.0909 2.24573
5.31341 10.0909 2.24573
5.31341 10.0909 2.24573
5.31341 10.0909 2.24573
5.31341 10.0909 2.24573
4.6301 -3.0187 -12.0999
4.6301 -3.0187 -12.0999
4.6301 -3.0187 -12.0999
-1.88009 -5.15509 -10.7901
-1.88009 -5.15509 -10.7901
-1.88009 -5.15509 -10.7901
-1.88009 -5.15509 -10.7901
-1.88009 -5.15509 -10.7901
-1.88009 -5.15509 -10.7901
-5.16073 -1.93948 -12.1
-5.16073 -1.93948 -12.1
-5.16073 -1.93948 -12.1
-4.13705 -2.67523 -5.69502
-4.13705 -2.67523 -5.69502
-4.13705 -2.67523 -5.69502
-4.13705 -2.67523 -5.69502
-4.13705 -2.67523 -5.69502
-4.13705 -2.67523 -5.69502
-3.60201 -2.29382 -3.26487
-3.60201 -2.29382 -3.26487
-3.60201 -2.29382 -3.26487
-3.60201 -2.29382 -3.26487
-3.60201 -2.29382 -3.26487
-3.60201 -2.29382 -3.26487
12.4558 6.58138 -3.15813
12.4558 6.58138 -3.15813
12.4558 6.58138 -3.15813
12.4558 6.58138 -3.15813
12.0542 0.0546333 4.0058
12.0542 0.0546333 4.0058
12.0542 0.0546333 4.0058
12.0542 0.0546333 4.0058
12.0542 0.0546333 4.0058
10.4702 9.34888 3.99991
10.4702 9.34888 3.99991
10.4702 9.34888 3.99991
10.4702 9.34888 3.99991
10.4702 9.34888 3.99991
10.4702 9.34888 3.99991
12.6814 9.27576 1.27863
12.6814 9.27576 1.27863
12.6814 9.27576 1.27863
12.6814 9.27576 1.27863
12.6814 9.27576 1.27863
12.6814 9.27576 1.27863
12.6814 9.27576 1.27863
5.2254 9.00893 3.6272
5.2254 9.00893 3.6272
5.2254 9.00893 3.6272
5.2254 9.00893 3.6272
5.2254 9.00893 3.6272
5.2254 9.00893 3.6272
-4.54068 -1.82906 -5.54967
-4.54068 -1.82906 -5.54967
-4.54068 -1.82906 -5.54967
-4.54068 -1.82906 -5.54967
-4.54068 -1.82906 -5.54967
-4.54068 -1.82906 -5.54967
7.80204 10.1031 -3.68324
7.80204 10.1031 -3.68324
7.80204 10.1031 -3.68324
7.80204 10.1031 -3.68324
7.80204 10.1031 -3.68324
-4.80287 2.59029 -10.1594
-4.80287 2.59029 -10.1594
-4.80287 2.59029 -10.1594
-4.80287 2.59029 -10.1594
-4.80287 2.59029 -10.1594
-4.32959 1.27464 -3.80932
-4.32959 1.27464 -3.80932
-4.32959 1.27464 -3.80932
-4.32959 1.27464 -3.80932
-4.32959 1.27464 -3.80932
-4.32959 1.27464 -3.80932
-2.2609 -3.38033 -2.97221
-2.2609 -3.38033 -2.97221
-2.2609 -3.38033 -2.97221
-2.2609 -3.38033 -2.97221
-2.2609 -3.38033 -2.97221
3.2959 -4.43749 -12.0999
3.2959 -4.43749 -12.0999
3.2959 -4.43749 -12.0999
3.2959 -4.43749 -12.0999
3.2959 -4.43749 -12.0999
1.38294 -5.27659 -10.1191
1.38294 -5.27659 -10.1191
1.38294 -5.27659 -10.1191
1.38294 -5.27659 -10.1191
1.38294 -5.27659 -10.1191
1.38294 -5.27659 -10.1191
-5.46154 0.891474 -12.0971
-5.46154 0.891474 -12.0971
-5.46154 0.891474 -12.0971
-5.46154 0.891474 -12.0971
-5.46154 0.891474 -12.0971
-3.78698 -4.03423 -12.0938
-3.78698 -4.03423 -12.0938
-3.78698 -4.03423 -12.0938
-3.78698 -4.03423 -12.0938
-3.78698 -4.03423 -12.0938
7.58486 9.23713 4.55534
7.58486 9.23713 4.55534
7.58486 9.23713 4.55534
7.58486 9.23713 4.55534
-1.55338 -4.70138 -5.85453
-1.55338 -4.70138 -5.85453
-1.55338 -4.70138 -5.85453
-1.55338 -4.70138 -5.85453
-1.55338 -4.70138 -5.85453
-1.55338 -4.70138 -5.85453
-1.55338 -4.70138 -5.85453
-4.05674 -1.90017 -3.68285
-4.05674 -1.90017 -3.68285
-4.05674 -1.90017 -3.68285
-4.05674 -1.90017 -3.68285
-4.05674 -1.90017 -3.68285
-4.05674 -1.90017 -3.68285
0.193477 -5.45336 -10.1876
0.193477 -5.45336 -10.1876
0.193477 -5.45336 -10.1876
0.193477 -5.45336 -10.1876
0.193477 -5.45336 -10.1876
0.193477 -5.45336 -10.1876
0.508165 -4.49144 -3.83387
0.508165 -4.49144 -3.83387
0.508165 -4.49144 -3.83387
0.508165 -4.49144 -3.83387
0.508165 -4.49144 -3.83387
0.508165 -4.49144 -3.83387
0.508165 -4.49144 -3.83387
0.508165 -4.49144 -3.83387
0.508165 -4.49144 -3.83387
-4.51381 -2.95895 -9.23903
-4.51381 -2.95895 -9.23903
-4.51381 -2.95895 -9.23903
-4.51381 -2.95895 -9.23903
-4.51381 -2.95895 -9.23903
-4.51381 -2.95895 -9.23903
-4.51381 -2.95895 -9.23903
-3.93173 -0.421665 -2.81163
-3.93173 -0.421665 -2.81163
-3.93173 -0.421665 -2.81163
-3.93173 -0.421665 -2.81163
-3.93173 -0.421665 -2.81163
-2.84693 -2.95749 -3.01705
-2.84693 -2.95749 -3.01705
-2.84693 -2.95749 -3.01705
-2.84693 -2.95749 -3.01705
-2.84693 -2.95749 -3.01705
-2.84693 -2.95749 -3.01705
0.573527 -5.49172 -12.0998
0.573527 -5.49172 -12.0998
0.573527 -5.49172 -12.0998
0.573527 -5.49172 -12.0998
