858
-12.5088 3.80429 1.47857
-12.5088 3.80429 1.47857
-12.5088 3.80429 1.47857
-12.5088 3.80429 1.47857
-3.70272 0.274428 10.0844
-3.70272 0.274428 10.0844
-3.70272 0.274428 10.0844
-3.70272 0.274428 10.0844
-3.70272 0.274428 10.0844
-3.70272 0.274428 10.0844
-3.70272 0.274428 10.0844
-6.3776 10.7927 -5.15011
-6.3776 10.7927 -5.15011
-6.3776 10.7927 -5.15011
-6.3776 10.7927 -5.15011
-6.3776 10.7927 -5.15011
-6.3776 10.7927 -5.15011
-9.50795 3.09477 -3.97723
-9.50795 3.09477 -3.97723
-9.50795 3.09477 -3.97723
-9.50795 3.09477 -3.97723
-9.50795 3.09477 -3.97723
-9.50795 3.09477 -3.97723
-7.42379 12.3996 -5.45801
-7.42379 12.3996 -5.45801
-7.42379 12.3996 -5.45801
-7.42379 12.3996 -5.45801
5.02325 2.31439 0.0568287
5.02325 2.31439 0.0568287
5.02325 2.31439 0.0568287
5.02325 2.31439 0.0568287
5.02325 2.31439 0.0568287
-13.6655 10.4576 0.798006
-13.6655 10.4576 0.798006
-13.6655 10.4576 0.798006
-13.6655 10.4576 0.798006
-13.6655 10.4576 0.798006
5.43498 1.03732 0.0641957
5.43498 1.03732 0.0641957
5.43498 1.03732 0.0641957
5.43498 1.03732 0.0641957
5.43498 1.03732 0.0641957
2.64266 -4.57158 6.57169
2.64266 -4.57158 6.57169
2.64266 -4.57158 6.57169
2.64266 -4.57158 6.57169
2.64266 -4.57158 6.57169
2.64266 -4.57158 6.57169
-3.2575 1.74211 10.0906
-3.2575 1.74211 10.0906
-3.2575 1.74211 10.0906
4.8049 0.329215 8.73991
4.8049 0.329215 8.73991
4.8049 0.329215 8.73991
4.8049 0.329215 8.73991
4.8049 0.329215 8.73991
4.8049 0.329215 8.73991
4.8049 0.329215 8.73991
-10.9295 12.4003 4.84872
-10.9295 12.4003 4.84872
-10.9295 12.4003 4.84872
-10.9295 12.4003 4.84872
-10.9295 12.4003 4.84872
-10.3567 12.3994 -5.10597
-10.3567 12.3994 -5.10597
-10.3567 12.3994 -5.10597
-10.3567 12.3994 -5.10597
-10.3567 12.3994 -5.10597
-9.22486 12.4 5.4293
-9.22486 12.4 5.4293
-9.22486 12.4 5.4293
-9.22486 12.4 5.4293
-9.22486 12.4 5.4293
-1.51649 0.910898 10.8663
-1.51649 0.910898 10.8663
-1.51649 0.910898 10.8663
-1.51649 0.910898 10.8663
-1.51649 0.910898 10.8663
-1.51649 0.910898 10.8663
-1.51649 0.910898 10.8663
-3.27777 -3.39139 9.0005
-3.27777 -3.39139 9.0005
-3.27777 -3.39139 9.0005
-3.27777 -3.39139 9.0005
-3.27777 -3.39139 9.0005
-3.27777 -3.39139 9.0005
-3.27777 -3.39139 9.0005
0.885151 0.247627 11.0543
0.885151 0.247627 11.0543
0.885151 0.247627 11.0543
0.885151 0.247627 11.0543
0.885151 0.247627 11.0543
0.885151 0.247627 11.0543
0.885151 0.247627 11.0543
5.04052 -2.28559 0.0627428
5.04052 -2.28559 0.0627428
5.04052 -2.28559 0.0627428
5.04052 -2.28559 0.0627428
5.04052 -2.28559 0.0627428
5.04052 -2.28559 0.0627428
-3.49356 -1.2055 10.0886
-3.49356 -1.2055 10.0886
-3.49356 -1.2055 10.0886
-3.49356 -1.2055 10.0886
-3.49356 -1.2055 10.0886
-3.49356 -1.2055 10.0886
-3.49356 -1.2055 10.0886
-3.49356 -1.2055 10.0886
4.54452 -2.67077 6.5418
4.54452 -2.67077 6.5418
4.54452 -2.67077 6.5418
4.54452 -2.67077 6.5418
4.54452 -2.67077 6.5418
4.54452 -2.67077 6.5418
2.78036 -2.43115 10.0943
2.78036 -2.43115 10.0943
2.78036 -2.43115 10.0943
2.78036 -2.43115 10.0943
2.78036 -2.43115 10.0943
2.78036 -2.43115 10.0943
2.78036 -2.43115 10.0943
4.13396 3.23563 6.6298
4.13396 3.23563 6.6298
4.13396 3.23563 6.6298
4.13396 3.23563 6.6298
3.52073 -1.08453 10.0914
3.52073 -1.08453 10.0914
3.52073 -1.08453 10.0914
3.52073 -1.08453 10.0914
3.52073 -1.08453 10.0914
0.379674 -0.707858 11.0758
0.379674 -0.707858 11.0758
0.379674 -0.707858 11.0758
0.379674 -0.707858 11.0758
0.379674 -0.707858 11.0758
0.379674 -0.707858 11.0758
0.379674 -0.707858 11.0758
1.65641 -0.761799 10.8349
1.65641 -0.761799 10.8349
1.65641 -0.761799 10.8349
1.65641 -0.761799 10.8349
1.65641 -0.761799 10.8349
1.65641 -0.761799 10.8349
-9.42551 10.6407 -5.34897
-9.42551 10.6407 -5.34897
-9.42551 10.6407 -5.34897
-9.42551 10.6407 -5.34897
0.771587 1.71866 10.8234
0.771587 1.71866 10.8234
0.771587 1.71866 10.8234
0.771587 1.71866 10.8234
0.771587 1.71866 10.8234
0.771587 1.71866 10.8234
-13.6445 12.3998 -1.1417
-13.6445 12.3998 -1.1417
-13.6445 12.3998 -1.1417
-13.6445 12.3998 -1.1417
-13.6445 12.3998 -1.1417
-11.8237 2.89715 -1.85448
-11.8237 2.89715 -1.85448
-11.8237 2.89715 -1.85448
-11.8237 2.89715 -1.85448
-11.8237 2.89715 -1.85448
4.50462 1.83266 8.55205
4.50462 1.83266 8.55205
4.50462 1.83266 8.55205
4.50462 1.83266 8.55205
-11.4429 8.77588 -4.29899
-11.4429 8.77588 -4.29899
-11.4429 8.77588 -4.29899
-11.4429 8.77588 -4.29899
-11.4429 8.77588 -4.29899
-11.4429 8.77588 -4.29899
-1.60194 0.129525 10.9144
-1.60194 0.129525 10.9144
-1.60194 0.129525 10.9144
-1.60194 0.129525 10.9144
-1.60194 0.129525 10.9144
1.86238 -4.43663 8.69201
1.86238 -4.43663 8.69201
1.86238 -4.43663 8.69201
1.86238 -4.43663 8.69201
1.86238 -4.43663 8.69201
1.86238 -4.43663 8.69201
-5.48461 12.4009 -4.79598
-5.48461 12.4009 -4.79598
-5.48461 12.4009 -4.79598
-5.48461 12.4009 -4.79598
-5.48461 12.4009 -4.79598
-5.48461 12.4009 -4.79598
4.35987 -2.02372 8.70457
4.35987 -2.02372 8.70457
4.35987 -2.02372 8.70457
4.35987 -2.02372 8.70457
4.35987 -2.02372 8.70457
4.35987 -2.02372 8.70457
-3.3068 12.3999 2.5663
-3.3068 12.3999 2.5663
-3.3068 12.3999 2.5663
-3.3068 12.3999 2.5663
-12.1548 3.7507 2.22519
-12.1548 3.7507 2.22519
-12.1548 3.7507 2.22519
-12.1548 3.7507 2.22519
-12.1548 3.7507 2.22519
-12.1548 3.7507 2.22519
-12.1548 3.7507 2.22519
-1.76536 -4.35023 9.08335
-1.76536 -4.35023 9.08335
-1.76536 -4.35023 9.08335
-1.76536 -4.35023 9.08335
-1.76536 -4.35023 9.08335
0.410448 -1.9016 10.7912
0.410448 -1.9016 10.7912
0.410448 -1.9016 10.7912
0.410448 -1.9016 10.7912
0.410448 -1.9016 10.7912
-10.5004 7.3322 -4.67454
-10.5004 7.3322 -4.67454
-10.5004 7.3322 -4.67454
-10.5004 7.3322 -4.67454
-10.5004 7.3322 -4.67454
-10.5004 7.3322 -4.67454
-2.35224 -4.99681 0.0617043
-2.35224 -4.99681 0.0617043
-2.35224 -4.99681 0.0617043
-2.35224 -4.99681 0.0617043
-2.35224 -4.99681 0.0617043
-11.8012 3.67743 -2.71656
-11.8012 3.67743 -2.71656
-11.8012 3.67743 -2.71656
-11.8012 3.67743 -2.71656
-11.8012 3.67743 -2.71656
-11.8012 3.67743 -2.71656
-11.8012 3.67743 -2.71656
-4.18584 -2.09428 8.96924
-4.18584 -2.09428 8.96924
-4.18584 -2.09428 8.96924
-4.18584 -2.09428 8.96924
-4.18584 -2.09428 8.96924
0.276386 1.22881 10.9876
0.276386 1.22881 10.9876
0.276386 1.22881 10.9876
0.276386 1.22881 10.9876
-10.5467 4.23271 -4.02281
-10.5467 4.23271 -4.02281
-10.5467 4.23271 -4.02281
-10.5467 4.23271 -4.02281
-10.5467 4.23271 -4.02281
3.40658 -4.36073 0.0539473
3.40658 -4.36073 0.0539473
3.40658 -4.36073 0.0539473
3.40658 -4.36073 0.0539473
3.40658 -4.36073 0.0539473
-10.5099 3.54588 -3.7803
-10.5099 3.54588 -3.7803
-10.5099 3.54588 -3.7803
-10.5099 3.54588 -3.7803
-10.5099 3.54588 -3.7803
0.204916 3.7664 10.079
0.204916 3.7664 10.079
0.204916 3.7664 10.079
0.204916 3.7664 10.079
0.204916 3.7664 10.079
-0.130444 -3.67864 10.0922
-0.130444 -3.67864 10.0922
-0.130444 -3.67864 10.0922
-0.130444 -3.67864 10.0922
-0.130444 -3.67864 10.0922
-0.130444 -3.67864 10.0922
0.571549 -4.8166 8.61433
0.571549 -4.8166 8.61433
0.571549 -4.8166 8.61433
0.571549 -4.8166 8.61433
0.571549 -4.8166 8.61433
3.79847 -3.64881 6.52637
3.79847 -3.64881 6.52637
3.79847 -3.64881 6.52637
3.79847 -3.64881 6.52637
3.79847 -3.64881 6.52637
3.79847 -3.64881 6.52637
-0.662394 -4.62178 9.14974
-0.662394 -4.62178 9.14974
-0.662394 -4.62178 9.14974
-0.662394 -4.62178 9.14974
-0.662394 -4.62178 9.14974
-0.662394 -4.62178 9.14974
-12.7978 3.98431 -0.44483
-12.7978 3.98431 -0.44483
-12.7978 3.98431 -0.44483
-12.7978 3.98431 -0.44483
2.90268 -3.92658 8.47768
2.90268 -3.92658 8.47768
2.90268 -3.92658 8.47768
2.90268 -3.92658 8.47768
2.90268 -3.92658 8.47768
2.90268 -3.92658 8.47768
1.495 -5.31372 0.0568479
1.495 -5.31372 0.0568479
1.495 -5.31372 0.0568479
1.495 -5.31372 0.0568479
-11.9562 5.40339 -3.15304
-11.9562 5.40339 -3.15304
-11.9562 5.40339 -3.15304
-11.9562 5.40339 -3.15304
-11.9562 5.40339 -3.15304
-11.9562 5.40339 -3.15304
2.18268 2.99403 10.0929
2.18268 2.99403 10.0929
2.18268 2.99403 10.0929
2.18268 2.99403 10.0929
2.18268 2.99403 10.0929
2.18268 2.99403 10.0929
2.18268 2.99403 10.0929
-12.201 7.45207 3.37353
-12.201 7.45207 3.37353
-12.201 7.45207 3.37353
-12.201 7.45207 3.37353
-12.201 7.45207 3.37353
-13.5274 8.4244 0.617867
-13.5274 8.4244 0.617867
-13.5274 8.4244 0.617867
-13.5274 8.4244 0.617867
-13.5274 8.4244 0.617867
-2.23471 -4.76243 6.61523
-2.23471 -4.76243 6.61523
-2.23471 -4.76243 6.61523
-2.23471 -4.76243 6.61523
-2.23471 -4.76243 6.61523
-2.23471 -4.76243 6.61523
-2.23471 -4.76243 6.61523
3.83281 2.97736 8.56361
3.83281 2.97736 8.56361
3.83281 2.97736 8.56361
3.83281 2.97736 8.56361
3.83281 2.97736 8.56361
3.83281 2.97736 8.56361
4.33617 -1.39189 9.38607
4.33617 -1.39189 9.38607
4.33617 -1.39189 9.38607
4.33617 -1.39189 9.38607
4.33617 -1.39189 9.38607
4.33617 -1.39189 9.38607
4.33617 -1.39189 9.38607
4.33617 -1.39189 9.38607
-8.71983 7.96108 -5.24394
-8.71983 7.96108 -5.24394
-8.71983 7.96108 -5.24394
-8.71983 7.96108 -5.24394
-8.71983 7.96108 -5.24394
-8.71983 7.96108 -5.24394
-8.71983 7.96108 -5.24394
-3.70906 12.3998 -3.18319
-3.70906 12.3998 -3.18319
-3.70906 12.3998 -3.18319
-3.70906 12.3998 -3.18319
5.28774 0.183914 6.49284
5.28774 0.183914 6.49284
5.28774 0.183914 6.49284
5.28774 0.183914 6.49284
5.28774 0.183914 6.49284
5.28774 0.183914 6.49284
-7.23802 12.3999 5.45288
-7.23802 12.3999 5.45288
-7.23802 12.3999 5.45288
-7.23802 12.3999 5.45288
-13.0713 6.118 -1.32701
-13.0713 6.118 -1.32701
-13.0713 6.118 -1.32701
-13.0713 6.118 -1.32701
-13.0713 6.118 -1.32701
-13.0713 6.118 -1.32701
-13.0713 6.118 -1.32701
-13.0713 6.118 -1.32701
-1.61754 -3.32713 10.0932
-1.61754 -3.32713 10.0932
-1.61754 -3.32713 10.0932
-1.61754 -3.32713 10.0932
-1.61754 -3.32713 10.0932
-1.61754 -3.32713 10.0932
-1.61754 -3.32713 10.0932
-1.33221 -0.98899 10.8975
-1.33221 -0.98899 10.8975
-1.33221 -0.98899 10.8975
-1.33221 -0.98899 10.8975
-1.33221 -0.98899 10.8975
-1.33221 -0.98899 10.8975
-1.33221 -0.98899 10.8975
-8.60069 3.75729 -4.48194
-8.60069 3.75729 -4.48194
-8.60069 3.75729 -4.48194
-8.60069 3.75729 -4.48194
-8.60069 3.75729 -4.48194
-8.60069 3.75729 -4.48194
-8.60069 3.75729 -4.48194
3.67035 0.3599 10.0953
3.67035 0.3599 10.0953
3.67035 0.3599 10.0953
3.67035 0.3599 10.0953
3.67035 0.3599 10.0953
3.67035 0.3599 10.0953
-7.24709 10.5766 -5.38652
-7.24709 10.5766 -5.38652
-7.24709 10.5766 -5.38652
-7.24709 10.5766 -5.38652
-7.24709 10.5766 -5.38652
-7.24709 10.5766 -5.38652
-13.1688 8.70915 -2.08239
-13.1688 8.70915 -2.08239
-13.1688 8.70915 -2.08239
-13.1688 8.70915 -2.08239
-13.1688 8.70915 -2.08239
-13.1688 8.70915 -2.08239
-12.7336 3.82521 0.600866
-12.7336 3.82521 0.600866
-12.7336 3.82521 0.600866
-12.7336 3.82521 0.600866
-12.7336 3.82521 0.600866
-12.7336 3.82521 0.600866
-12.7336 3.82521 0.600866
-12.7336 3.82521 0.600866
-12.4648 3.19992 0.332728
-12.4648 3.19992 0.332728
-12.4648 3.19992 0.332728
-12.4648 3.19992 0.332728
-12.4648 3.19992 0.332728
3.17744 3.38598 9.16756
3.17744 3.38598 9.16756
3.17744 3.38598 9.16756
3.17744 3.38598 9.16756
3.17744 3.38598 9.16756
3.17744 3.38598 9.16756
-12.7128 6.47481 -2.38863
-12.7128 6.47481 -2.38863
-12.7128 6.47481 -2.38863
-12.7128 6.47481 -2.38863
-12.7128 6.47481 -2.38863
-12.3064 3.58186 -1.77239
-12.3064 3.58186 -1.77239
-12.3064 3.58186 -1.77239
-12.3064 3.58186 -1.77239
-12.3064 3.58186 -1.77239
-12.0488 2.76725 -0.954927
-12.0488 2.76725 -0.954927
-12.0488 2.76725 -0.954927
-12.0488 2.76725 -0.954927
-12.0488 2.76725 -0.954927
-12.0488 2.76725 -0.954927
-1.06811 -5.42888 0.0561746
-1.06811 -5.42888 0.0561746
-1.06811 -5.42888 0.0561746
-1.06811 -5.42888 0.0561746
-1.06811 -5.42888 0.0561746
-1.06811 -5.42888 0.0561746
-9.37211 5.30713 -4.72531
-9.37211 5.30713 -4.72531
-9.37211 5.30713 -4.72531
-9.37211 5.30713 -4.72531
-9.37211 5.30713 -4.72531
-9.37211 5.30713 -4.72531
0.712987 -4.52175 9.30405
0.712987 -4.52175 9.30405
0.712987 -4.52175 9.30405
0.712987 -4.52175 9.30405
0.712987 -4.52175 9.30405
0.712987 -4.52175 9.30405
4.24346 1.83174 9.21958
4.24346 1.83174 9.21958
4.24346 1.83174 9.21958
4.24346 1.83174 9.21958
4.24346 1.83174 9.21958
4.24346 1.83174 9.21958
4.24346 1.83174 9.21958
-12.5335 12.4 -3.46699
-12.5335 12.4 -3.46699
-12.5335 12.4 -3.46699
-12.5335 12.4 -3.46699
-12.0391 12.3968 4.03303
-12.0391 12.3968 4.03303
-12.0391 12.3968 4.03303
-12.0391 12.3968 4.03303
-13.7607 12.3998 0.32398
-13.7607 12.3998 0.32398
-13.7607 12.3998 0.32398
-13.7607 12.3998 0.32398
3.25199 1.71497 10.0966
3.25199 1.71497 10.0966
3.25199 1.71497 10.0966
3.25199 1.71497 10.0966
3.25199 1.71497 10.0966
3.25199 1.71497 10.0966
0.915327 -5.20799 6.54662
0.915327 -5.20799 6.54662
0.915327 -5.20799 6.54662
0.915327 -5.20799 6.54662
0.915327 -5.20799 6.54662
0.915327 -5.20799 6.54662
-13.6806 9.89925 -0.369424
-13.6806 9.89925 -0.369424
-13.6806 9.89925 -0.369424
-13.6806 9.89925 -0.369424
-13.6806 9.89925 -0.369424
-13.6806 9.89925 -0.369424
-13.2118 12.3998 -2.40179
-13.2118 12.3998 -2.40179
-13.2118 12.3998 -2.40179
-13.2118 12.3998 -2.40179
-11.9318 4.35436 2.86429
-11.9318 4.35436 2.86429
-11.9318 4.35436 2.86429
-11.9318 4.35436 2.86429
-11.9318 4.35436 2.86429
-8.61436 12.3968 -5.52066
-8.61436 12.3968 -5.52066
-8.61436 12.3968 -5.52066
-8.61436 12.3968 -5.52066
-8.61436 12.3968 -5.52066
-8.61436 12.3968 -5.52066
-12.359 4.21127 -2.11134
-12.359 4.21127 -2.11134
-12.359 4.21127 -2.11134
-12.359 4.21127 -2.11134
-12.359 4.21127 -2.11134
-12.359 4.21127 -2.11134
-12.6198 3.63929 -0.920672
-12.6198 3.63929 -0.920672
-12.6198 3.63929 -0.920672
-12.6198 3.63929 -0.920672
-12.6198 3.63929 -0.920672
-12.6198 3.63929 -0.920672
-12.6198 3.63929 -0.920672
-11.4342 2.8618 -2.41153
-11.4342 2.8618 -2.41153
-11.4342 2.8618 -2.41153
-11.4342 2.8618 -2.41153
-9.59132 3.83645 -4.3246
-9.59132 3.83645 -4.3246
-9.59132 3.83645 -4.3246
-9.59132 3.83645 -4.3246
-9.59132 3.83645 -4.3246
-0.480175 -1.65821 10.8757
-0.480175 -1.65821 10.8757
-0.480175 -1.65821 10.8757
-0.480175 -1.65821 10.8757
-0.480175 -1.65821 10.8757
4.74745 -0.95727 8.61654
4.74745 -0.95727 8.61654
4.74745 -0.95727 8.61654
4.74745 -0.95727 8.61654
4.74745 -0.95727 8.61654
3.87193 -2.98809 8.4476
3.87193 -2.98809 8.4476
3.87193 -2.98809 8.4476
3.87193 -2.98809 8.4476
3.87193 -2.98809 8.4476
-2.61703 -3.90147 9.05425
-2.61703 -3.90147 9.05425
-2.61703 -3.90147 9.05425
-2.61703 -3.90147 9.05425
-2.61703 -3.90147 9.05425
-2.61703 -3.90147 9.05425
2.25689 -3.95566 9.3692
2.25689 -3.95566 9.3692
2.25689 -3.95566 9.3692
2.25689 -3.95566 9.3692
2.25689 -3.95566 9.3692
2.25689 -3.95566 9.3692
4.56334 0.456764 9.29286
4.56334 0.456764 9.29286
4.56334 0.456764 9.29286
4.56334 0.456764 9.29286
5.40366 -1.12615 0.0537692
5.40366 -1.12615 0.0537692
5.40366 -1.12615 0.0537692
5.40366 -1.12615 0.0537692
5.40366 -1.12615 0.0537692
-13.4661 12.3981 1.81685
-13.4661 12.3981 1.81685
-13.4661 12.3981 1.81685
-13.4661 12.3981 1.81685
-13.4661 12.3981 1.81685
-12.9765 10.6224 -2.76716
-12.9765 10.6224 -2.76716
-12.9765 10.6224 -2.76716
-12.9765 10.6224 -2.76716
-12.9765 10.6224 -2.76716
-12.9765 10.6224 -2.76716
-13.4277 7.43398 -0.428955
-13.4277 7.43398 -0.428955
-13.4277 7.43398 -0.428955
-13.4277 7.43398 -0.428955
-13.4277 7.43398 -0.428955
-13.4277 7.43398 -0.428955
1.52835 1.00143 10.8356
1.52835 1.00143 10.8356
1.52835 1.00143 10.8356
1.52835 1.00143 10.8356
1.52835 1.00143 10.8356
-9.76605 8.52413 -5.10581
-9.76605 8.52413 -5.10581
-9.76605 8.52413 -5.10581
-9.76605 8.52413 -5.10581
-9.76605 8.52413 -5.10581
-9.76605 8.52413 -5.10581
5.51395 -0.281443 0.0578568
5.51395 -0.281443 0.0578568
5.51395 -0.281443 0.0578568
5.51395 -0.281443 0.0578568
5.51395 -0.281443 0.0578568
4.52131 3.1664 0.111872
4.52131 3.1664 0.111872
4.52131 3.1664 0.111872
4.52131 3.1664 0.111872
4.52131 3.1664 0.111872
4.52131 3.1664 0.111872
-12.1732 3.12471 1.43147
-12.1732 3.12471 1.43147
-12.1732 3.12471 1.43147
-12.1732 3.12471 1.43147
-12.1732 3.12471 1.43147
-12.1732 3.12471 1.43147
-12.0676 2.6656 0.308607
-12.0676 2.6656 0.308607
-12.0676 2.6656 0.308607
-12.0676 2.6656 0.308607
-12.0676 2.6656 0.308607
-12.0676 2.6656 0.308607
-3.16712 -4.5195 0.0872734
-3.16712 -4.5195 0.0872734
-3.16712 -4.5195 0.0872734
-3.16712 -4.5195 0.0872734
-3.16712 -4.5195 0.0872734
-3.16712 -4.5195 0.0872734
-3.16712 -4.5195 0.0872734
-3.16712 -4.5195 0.0872734
-13.2852 8.527 1.75676
-13.2852 8.527 1.75676
-13.2852 8.527 1.75676
-13.2852 8.527 1.75676
-13.2852 8.527 1.75676
-13.2852 8.527 1.75676
-13.2852 8.527 1.75676
-11.3556 12.3983 -4.57284
-11.3556 12.3983 -4.57284
-11.3556 12.3983 -4.57284
-11.3556 12.3983 -4.57284
-11.3556 12.3983 -4.57284
-12.722 6.51773 2.3866
-12.722 6.51773 2.3866
-12.722 6.51773 2.3866
-12.722 6.51773 2.3866
-12.722 6.51773 2.3866
-12.722 6.51773 2.3866
-6.89704 8.84986 -5.17807
-6.89704 8.84986 -5.17807
-6.89704 8.84986 -5.17807
-6.89704 8.84986 -5.17807
-6.89704 8.84986 -5.17807
-12.1956 10.226 -3.78733
-12.1956 10.226 -3.78733
-12.1956 10.226 -3.78733
-12.1956 10.226 -3.78733
-12.1956 10.226 -3.78733
-7.34579 6.948 -5.05589
-7.34579 6.948 -5.05589
-7.34579 6.948 -5.05589
-7.34579 6.948 -5.05589
-7.34579 6.948 -5.05589
-7.34579 6.948 -5.05589
-7.34579 6.948 -5.05589
-7.34579 6.948 -5.05589
4.87373 2.04309 6.56663
4.87373 2.04309 6.56663
4.87373 2.04309 6.56663
4.87373 2.04309 6.56663
4.87373 2.04309 6.56663
4.87373 2.04309 6.56663
4.87373 2.04309 6.56663
4.87373 2.04309 6.56663
-13.3811 10.7879 -1.9222
-13.3811 10.7879 -1.9222
-13.3811 10.7879 -1.9222
-13.3811 10.7879 -1.9222
-13.3811 10.7879 -1.9222
-13.2355 6.34132 0.70059
-13.2355 6.34132 0.70059
-13.2355 6.34132 0.70059
-13.2355 6.34132 0.70059
-13.2355 6.34132 0.70059
-13.2355 6.34132 0.70059
-11.2995 6.02612 -3.94249
-11.2995 6.02612 -3.94249
-11.2995 6.02612 -3.94249
-11.2995 6.02612 -3.94249
-11.2995 6.02612 -3.94249
-11.2995 6.02612 -3.94249
2.25794 -5.04143 0.055807
2.25794 -5.04143 0.055807
2.25794 -5.04143 0.055807
2.25794 -5.04143 0.055807
1.34306 -3.4342 10.098
1.34306 -3.4342 10.098
1.34306 -3.4342 10.098
1.34306 -3.4342 10.098
1.34306 -3.4342 10.098
1.34306 -3.4342 10.098
-0.576515 1.82159 10.81
-0.576515 1.82159 10.81
-0.576515 1.82159 10.81
-0.576515 1.82159 10.81
-0.576515 1.82159 10.81
-0.576515 1.82159 10.81
-0.734275 -5.21239 6.69492
-0.734275 -5.21239 6.69492
-0.734275 -5.21239 6.69492
-0.734275 -5.21239 6.69492
-0.734275 -5.21239 6.69492
-0.734275 -5.21239 6.69492
-0.734275 -5.21239 6.69492
-7.65705 3.98249 -4.5276
-7.65705 3.98249 -4.5276
-7.65705 3.98249 -4.5276
-7.65705 3.98249 -4.5276
-7.65705 3.98249 -4.5276
-7.65705 3.98249 -4.5276
-7.65705 3.98249 -4.5276
-7.65705 3.98249 -4.5276
-2.77001 12.4 0.612191
-2.77001 12.4 0.612191
-2.77001 12.4 0.612191
-2.77001 12.4 0.612191
1.29463 -1.5115 10.7815
1.29463 -1.5115 10.7815
1.29463 -1.5115 10.7815
1.29463 -1.5115 10.7815
1.29463 -1.5115 10.7815
-3.19924 -4.1577 6.68301
-3.19924 -4.1577 6.68301
-3.19924 -4.1577 6.68301
-3.19924 -4.1577 6.68301
-3.19924 -4.1577 6.68301
-12.909 12.3972 2.97955
-12.909 12.3972 2.97955
-12.909 12.3972 2.97955
-12.909 12.3972 2.97955
-13.5538 9.73064 -1.17315
-13.5538 9.73064 -1.17315
-13.5538 9.73064 -1.17315
-13.5538 9.73064 -1.17315
-13.5538 9.73064 -1.17315
-13.5538 9.73064 -1.17315
-12.8322 5.24202 1.53927
-12.8322 5.24202 1.53927
-12.8322 5.24202 1.53927
-12.8322 5.24202 1.53927
-12.8322 5.24202 1.53927
-12.8322 5.24202 1.53927
-10.7874 3.01999 -3.23392
-10.7874 3.01999 -3.23392
-10.7874 3.01999 -3.23392
-10.7874 3.01999 -3.23392
-10.7874 3.01999 -3.23392
-10.7874 3.01999 -3.23392
-10.7874 3.01999 -3.23392
-13.0818 5.22117 -0.148325
-13.0818 5.22117 -0.148325
-13.0818 5.22117 -0.148325
-13.0818 5.22117 -0.148325
-13.0818 5.22117 -0.148325
-10.5042 10.2325 -4.96378
-10.5042 10.2325 -4.96378
-10.5042 10.2325 -4.96378
-10.5042 10.2325 -4.96378
-10.5042 10.2325 -4.96378
4.38956 -3.3551 0.0520998
4.38956 -3.3551 0.0520998
4.38956 -3.3551 0.0520998
4.38956 -3.3551 0.0520998
4.38956 -3.3551 0.0520998
4.38956 -3.3551 0.0520998
-8.10356 5.66239 -4.91713
-8.10356 5.66239 -4.91713
-8.10356 5.66239 -4.91713
-8.10356 5.66239 -4.91713
-8.10356 5.66239 -4.91713
3.49857 -2.91754 9.37601
3.49857 -2.91754 9.37601
3.49857 -2.91754 9.37601
3.49857 -2.91754 9.37601
3.49857 -2.91754 9.37601
3.49857 -2.91754 9.37601
-5.13802 12.3999 4.57533
-5.13802 12.3999 4.57533
-5.13802 12.3999 4.57533
-5.13802 12.3999 4.57533
-2.87434 -2.30392 10.0935
-2.87434 -2.30392 10.0935
-2.87434 -2.30392 10.0935
-2.87434 -2.30392 10.0935
-2.87434 -2.30392 10.0935
-2.87434 -2.30392 10.0935
1.91766 0.156805 10.8031
1.91766 0.156805 10.8031
1.91766 0.156805 10.8031
1.91766 0.156805 10.8031
1.91766 0.156805 10.8031
1.91766 0.156805 10.8031
-12.9377 9.59188 2.71857
-12.9377 9.59188 2.71857
-12.9377 9.59188 2.71857
-12.9377 9.59188 2.71857
-12.9377 9.59188 2.71857
-12.9377 9.59188 2.71857
5.05718 -1.47427 6.65108
5.05718 -1.47427 6.65108
5.05718 -1.47427 6.65108
5.05718 -1.47427 6.65108
5.05718 -1.47427 6.65108
5.05718 -1.47427 6.65108
-11.3825 3.86823 -3.27643
-11.3825 3.86823 -3.27643
-11.3825 3.86823 -3.27643
-11.3825 3.86823 -3.27643
-11.3825 3.86823 -3.27643
-11.3825 3.86823 -3.27643
-12.2193 9.55317 3.68938
-12.2193 9.55317 3.68938
-12.2193 9.55317 3.68938
-12.2193 9.55317 3.68938
-12.2193 9.55317 3.68938
-12.2193 9.55317 3.68938
-0.434596 0.296304 11.1052
-0.434596 0.296304 11.1052
-0.434596 0.296304 11.1052
-0.434596 0.296304 11.1052
-0.434596 0.296304 11.1052
-0.434596 0.296304 11.1052
-0.434596 0.296304 11.1052
-12.4401 8.24655 -3.25574
-12.4401 8.24655 -3.25574
-12.4401 8.24655 -3.25574
-12.4401 8.24655 -3.25574
-12.4401 8.24655 -3.25574
-12.4401 8.24655 -3.25574
-12.4401 8.24655 -3.25574
0.407301 -5.51497 0.0622712
0.407301 -5.51497 0.0622712
0.407301 -5.51497 0.0622712
0.407301 -5.51497 0.0622712
0.407301 -5.51497 0.0622712
0.407301 -5.51497 0.0622712
-2.81717 12.4 -1.05193
-2.81717 12.4 -1.05193
-2.81717 12.4 -1.05193
-8.24021 9.29204 -5.39049
-8.24021 9.29204 -5.39049
-8.24021 9.29204 -5.39049
-8.24021 9.29204 -5.39049
