850
-5.34048 1.36221 -11.8476
-5.34048 1.36221 -11.8476
-5.34048 1.36221 -11.8476
-5.34048 1.36221 -11.8476
4.54592 -10.8458 -0.570302
4.54592 -10.8458 -0.570302
4.54592 -10.8458 -0.570302
4.54592 -10.8458 -0.570302
-4.26656 -11.129 0.613524
-4.26656 -11.129 0.613524
-4.26656 -11.129 0.613524
-4.26656 -11.129 0.613524
-4.26656 -11.129 0.613524
0.420393 -12.7918 1.36598
0.420393 -12.7918 1.36598
0.420393 -12.7918 1.36598
0.420393 -12.7918 1.36598
0.420393 -12.7918 1.36598
0.420393 -12.7918 1.36598
2.06773 -12.523 0.83392
2.06773 -12.523 0.83392
2.06773 -12.523 0.83392
2.06773 -12.523 0.83392
2.06773 -12.523 0.83392
5.13749 -6.3873 1.95316
5.13749 -6.3873 1.95316
5.13749 -6.3873 1.95316
5.13749 -6.3873 1.95316
5.13749 -6.3873 1.95316
-3.33099 4.38739 -12.6128
-3.33099 4.38739 -12.6128
-3.33099 4.38739 -12.6128
-3.33099 4.38739 -12.6128
-3.33099 4.38739 -12.6128
-3.33099 4.38739 -12.6128
-1.45515 -10.7379 4.41915
-1.45515 -10.7379 4.41915
-1.45515 -10.7379 4.41915
-1.45515 -10.7379 4.41915
-1.45515 -10.7379 4.41915
-1.45515 -10.7379 4.41915
-1.45515 -10.7379 4.41915
-3.39947 -10.7523 3.16768
-3.39947 -10.7523 3.16768
-3.39947 -10.7523 3.16768
-3.39947 -10.7523 3.16768
-3.39947 -10.7523 3.16768
-3.39947 -10.7523 3.16768
3.23157 -8.54485 3.99413
3.23157 -8.54485 3.99413
3.23157 -8.54485 3.99413
3.23157 -8.54485 3.99413
3.23157 -8.54485 3.99413
3.23157 -8.54485 3.99413
3.23157 -8.54485 3.99413
0.773435 -5.45727 -19.2
0.773435 -5.45727 -19.2
0.773435 -5.45727 -19.2
0.773435 -5.45727 -19.2
-3.9695 3.81363 -12.5178
-3.9695 3.81363 -12.5178
-3.9695 3.81363 -12.5178
-3.9695 3.81363 -12.5178
-3.9695 3.81363 -12.5178
-1.92342 -12.3633 1.75197
-1.92342 -12.3633 1.75197
-1.92342 -12.3633 1.75197
-1.92342 -12.3633 1.75197
-1.92342 -12.3633 1.75197
-1.92342 -12.3633 1.75197
-2.61078 -4.86847 -19.2
-2.61078 -4.86847 -19.2
-2.61078 -4.86847 -19.2
-2.61078 -4.86847 -19.2
-2.61078 -4.86847 -19.2
-3.38934 -11.7564 -1.2558
-3.38934 -11.7564 -1.2558
-3.38934 -11.7564 -1.2558
-3.38934 -11.7564 -1.2558
-3.38934 -11.7564 -1.2558
-3.38934 -11.7564 -1.2558
-3.38934 -11.7564 -1.2558
-3.07734 4.56359 -19.2
-3.07734 4.56359 -19.2
-3.07734 4.56359 -19.2
-3.07734 4.56359 -19.2
-4.65462 -10.7219 -0.0318154
-4.65462 -10.7219 -0.0318154
-4.65462 -10.7219 -0.0318154
-4.65462 -10.7219 -0.0318154
-4.65462 -10.7219 -0.0318154
-4.65462 -10.7219 -0.0318154
0.326605 -11.0954 4.34546
0.326605 -11.0954 4.34546
0.326605 -11.0954 4.34546
0.326605 -11.0954 4.34546
0.326605 -11.0954 4.34546
0.326605 -11.0954 4.34546
1.78591 -12.4397 -1.66155
1.78591 -12.4397 -1.66155
1.78591 -12.4397 -1.66155
1.78591 -12.4397 -1.66155
1.78591 -12.4397 -1.66155
1.78591 -12.4397 -1.66155
1.78591 -12.4397 -1.66155
-2.54241 4.88317 -12.6658
-2.54241 4.88317 -12.6658
-2.54241 4.88317 -12.6658
-2.54241 4.88317 -12.6658
-2.54241 4.88317 -12.6658
-2.54241 4.88317 -12.6658
-4.13345 -8.45384 3.06315
-4.13345 -8.45384 3.06315
-4.13345 -8.45384 3.06315
-4.13345 -8.45384 3.06315
-4.13345 -8.45384 3.06315
-2.82657 -11.8307 2.06758
-2.82657 -11.8307 2.06758
-2.82657 -11.8307 2.06758
-2.82657 -11.8307 2.06758
-2.82657 -11.8307 2.06758
-2.82657 -11.8307 2.06758
3.05076 -12.122 0.339203
3.05076 -12.122 0.339203
3.05076 -12.122 0.339203
3.05076 -12.122 0.339203
3.05076 -12.122 0.339203
3.05076 -12.122 0.339203
-5.4942 0.402568 -19.2
-5.4942 0.402568 -19.2
-5.4942 0.402568 -19.2
-5.4942 0.402568 -19.2
-5.4942 0.402568 -19.2
5.18228 1.88004 -19.2
5.18228 1.88004 -19.2
5.18228 1.88004 -19.2
1.38196 -11.9368 3.05239
1.38196 -11.9368 3.05239
1.38196 -11.9368 3.05239
1.38196 -11.9368 3.05239
1.38196 -11.9368 3.05239
1.38196 -11.9368 3.05239
1.38196 -11.9368 3.05239
2.13236 -12.0405 2.36989
2.13236 -12.0405 2.36989
2.13236 -12.0405 2.36989
2.13236 -12.0405 2.36989
2.13236 -12.0405 2.36989
2.13236 -12.0405 2.36989
4.55604 3.09448 -12.3597
4.55604 3.09448 -12.3597
4.55604 3.09448 -12.3597
4.55604 3.09448 -12.3597
-5.01335 2.27437 -12.2074
-5.01335 2.27437 -12.2074
-5.01335 2.27437 -12.2074
-5.01335 2.27437 -12.2074
-5.01335 2.27437 -12.2074
-3.28439 -11.9203 0.778572
-3.28439 -11.9203 0.778572
-3.28439 -11.9203 0.778572
-3.28439 -11.9203 0.778572
-3.28439 -11.9203 0.778572
-3.28439 -11.9203 0.778572
-3.28439 -11.9203 0.778572
2.66633 -12.2854 -0.77201
2.66633 -12.2854 -0.77201
2.66633 -12.2854 -0.77201
2.66633 -12.2854 -0.77201
2.66633 -12.2854 -0.77201
2.66633 -12.2854 -0.77201
2.13513 -8.43244 4.70179
2.13513 -8.43244 4.70179
2.13513 -8.43244 4.70179
2.13513 -8.43244 4.70179
2.13513 -8.43244 4.70179
2.13513 -8.43244 4.70179
1.22025 5.37025 -19.2
1.22025 5.37025 -19.2
1.22025 5.37025 -19.2
1.22025 5.37025 -19.2
3.47273 -11.6294 -1.4648
3.47273 -11.6294 -1.4648
3.47273 -11.6294 -1.4648
3.47273 -11.6294 -1.4648
3.47273 -11.6294 -1.4648
3.47273 -11.6294 -1.4648
-4.30818 -6.38597 3.45094
-4.30818 -6.38597 3.45094
-4.30818 -6.38597 3.45094
-4.30818 -6.38597 3.45094
-4.30818 -6.38597 3.45094
2.80254 4.74072 -12.6459
2.80254 4.74072 -12.6459
2.80254 4.74072 -12.6459
2.80254 4.74072 -12.6459
2.80254 4.74072 -12.6459
2.80254 4.74072 -12.6459
5.4883 -0.057262 0.594928
5.4883 -0.057262 0.594928
5.4883 -0.057262 0.594928
5.4883 -0.057262 0.594928
5.4883 -0.057262 0.594928
5.4883 -0.057262 0.594928
5.4883 -0.057262 0.594928
5.4883 -0.057262 0.594928
5.06494 -8.76873 0.365876
5.06494 -8.76873 0.365876
5.06494 -8.76873 0.365876
5.06494 -8.76873 0.365876
5.06494 -8.76873 0.365876
5.06494 -8.76873 0.365876
-0.885716 5.42455 -12.6016
-0.885716 5.42455 -12.6016
-0.885716 5.42455 -12.6016
-0.885716 5.42455 -12.6016
-0.885716 5.42455 -12.6016
-0.885716 5.42455 -12.6016
-1.80386 -11.8665 2.95656
-1.80386 -11.8665 2.95656
-1.80386 -11.8665 2.95656
-1.80386 -11.8665 2.95656
-1.80386 -11.8665 2.95656
-1.80386 -11.8665 2.95656
0.770476 -12.5795 -1.94769
0.770476 -12.5795 -1.94769
0.770476 -12.5795 -1.94769
0.770476 -12.5795 -1.94769
0.770476 -12.5795 -1.94769
0.770476 -12.5795 -1.94769
4.82782 -9.03983 1.38827
4.82782 -9.03983 1.38827
4.82782 -9.03983 1.38827
4.82782 -9.03983 1.38827
4.82782 -9.03983 1.38827
4.82782 -9.03983 1.38827
-5.03181 -0.0497323 2.24661
-5.03181 -0.0497323 2.24661
-5.03181 -0.0497323 2.24661
-5.03181 -0.0497323 2.24661
-5.03181 -0.0497323 2.24661
-5.03181 -0.0497323 2.24661
4.47891 3.23451 -19.2
4.47891 3.23451 -19.2
4.47891 3.23451 -19.2
4.47891 3.23451 -19.2
4.47891 3.23451 -19.2
-5.19021 -8.0543 0.515394
-5.19021 -8.0543 0.515394
-5.19021 -8.0543 0.515394
-5.19021 -8.0543 0.515394
-5.19021 -8.0543 0.515394
-5.19021 -8.0543 0.515394
2.31763 -5.01398 -19.2
2.31763 -5.01398 -19.2
2.31763 -5.01398 -19.2
2.31763 -5.01398 -19.2
2.31763 -5.01398 -19.2
-3.40365 -8.37142 3.89406
-3.40365 -8.37142 3.89406
-3.40365 -8.37142 3.89406
-3.40365 -8.37142 3.89406
-3.40365 -8.37142 3.89406
-3.40365 -8.37142 3.89406
-2.09549 -6.46224 5.09307
-2.09549 -6.46224 5.09307
-2.09549 -6.46224 5.09307
-2.09549 -6.46224 5.09307
-2.09549 -6.46224 5.09307
5.18771 -0.0502056 1.85822
5.18771 -0.0502056 1.85822
5.18771 -0.0502056 1.85822
5.18771 -0.0502056 1.85822
5.18771 -0.0502056 1.85822
5.18771 -0.0502056 1.85822
1.78707 -12.6682 -0.476864
1.78707 -12.6682 -0.476864
1.78707 -12.6682 -0.476864
1.78707 -12.6682 -0.476864
1.78707 -12.6682 -0.476864
1.78707 -12.6682 -0.476864
1.78707 -12.6682 -0.476864
4.05139 -11.3037 0.892103
4.05139 -11.3037 0.892103
4.05139 -11.3037 0.892103
4.05139 -11.3037 0.892103
4.05139 -11.3037 0.892103
4.05139 -11.3037 0.892103
4.05139 -11.3037 0.892103
-0.799961 -5.47004 -19.2
-0.799961 -5.47004 -19.2
-0.799961 -5.47004 -19.2
-0.799961 -5.47004 -19.2
-0.799961 -5.47004 -19.2
-0.573017 -0.04888 5.49427
-0.573017 -0.04888 5.49427
-0.573017 -0.04888 5.49427
-0.573017 -0.04888 5.49427
-0.573017 -0.04888 5.49427
0.48776 -12.9373 0.0946878
0.48776 -12.9373 0.0946878
0.48776 -12.9373 0.0946878
0.48776 -12.9373 0.0946878
0.48776 -12.9373 0.0946878
0.48776 -12.9373 0.0946878
0.48776 -12.9373 0.0946878
4.26344 -10.9893 -1.24493
4.26344 -10.9893 -1.24493
4.26344 -10.9893 -1.24493
4.26344 -10.9893 -1.24493
4.26344 -10.9893 -1.24493
2.5412 -12.0945 -1.76319
2.5412 -12.0945 -1.76319
2.5412 -12.0945 -1.76319
2.5412 -12.0945 -1.76319
4.2932 -10.7418 1.76654
4.2932 -10.7418 1.76654
4.2932 -10.7418 1.76654
4.2932 -10.7418 1.76654
4.2932 -10.7418 1.76654
4.2932 -10.7418 1.76654
0.894457 5.42616 -12.6225
0.894457 5.42616 -12.6225
0.894457 5.42616 -12.6225
0.894457 5.42616 -12.6225
0.894457 5.42616 -12.6225
-2.29603 -8.50244 4.61097
-2.29603 -8.50244 4.61097
-2.29603 -8.50244 4.61097
-2.29603 -8.50244 4.61097
-2.29603 -8.50244 4.61097
-2.29603 -8.50244 4.61097
4.96221 -2.47774 -19.1999
4.96221 -2.47774 -19.1999
4.96221 -2.47774 -19.1999
4.96221 -2.47774 -19.1999
4.96221 -2.47774 -19.1999
-5.36675 -1.32066 -19.2003
-5.36675 -1.32066 -19.2003
-5.36675 -1.32066 -19.2003
-5.36675 -1.32066 -19.2003
-5.36675 -1.32066 -19.2003
-5.36675 -1.32066 -19.2003
-0.826549 -12.6733 1.62014
-0.826549 -12.6733 1.62014
-0.826549 -12.6733 1.62014
-0.826549 -12.6733 1.62014
-0.826549 -12.6733 1.62014
-0.826549 -12.6733 1.62014
4.05938 -6.44057 3.71269
4.05938 -6.44057 3.71269
4.05938 -6.44057 3.71269
4.05938 -6.44057 3.71269
4.05938 -6.44057 3.71269
4.05938 -6.44057 3.71269
-5.4987 -6.02758 0.294462
-5.4987 -6.02758 0.294462
-5.4987 -6.02758 0.294462
-5.4987 -6.02758 0.294462
-5.4987 -6.02758 0.294462
1.13042 -9.10723 4.89536
1.13042 -9.10723 4.89536
1.13042 -9.10723 4.89536
1.13042 -9.10723 4.89536
1.13042 -9.10723 4.89536
-2.24825 -12.3341 -1.45983
-2.24825 -12.3341 -1.45983
-2.24825 -12.3341 -1.45983
-2.24825 -12.3341 -1.45983
-2.24825 -12.3341 -1.45983
-2.24825 -12.3341 -1.45983
-2.24825 -12.3341 -1.45983
-2.24825 -12.3341 -1.45983
-2.86681 -11.9668 -1.63156
-2.86681 -11.9668 -1.63156
-2.86681 -11.9668 -1.63156
-5.47684 -0.0602188 0.751677
-5.47684 -0.0602188 0.751677
-5.47684 -0.0602188 0.751677
-5.47684 -0.0602188 0.751677
-5.47684 -0.0602188 0.751677
-5.47684 -0.0602188 0.751677
-5.47684 -0.0602188 0.751677
-5.47684 -0.0602188 0.751677
-5.47684 -0.0602188 0.751677
-4.58852 3.05509 -19.2
-4.58852 3.05509 -19.2
-4.58852 3.05509 -19.2
-4.58852 3.05509 -19.2
-4.58852 3.05509 -19.2
3.05692 -11.2895 2.8145
3.05692 -11.2895 2.8145
3.05692 -11.2895 2.8145
3.05692 -11.2895 2.8145
3.05692 -11.2895 2.8145
3.05692 -11.2895 2.8145
4.65276 -6.46805 2.92947
4.65276 -6.46805 2.92947
4.65276 -6.46805 2.92947
4.65276 -6.46805 2.92947
4.65276 -6.46805 2.92947
5.51612 -0.362816 -19.2004
5.51612 -0.362816 -19.2004
5.51612 -0.362816 -19.2004
5.51612 -0.362816 -19.2004
5.51612 -0.362816 -19.2004
5.51612 -0.362816 -19.2004
-1.81668 -11.1932 3.83698
-1.81668 -11.1932 3.83698
-1.81668 -11.1932 3.83698
-1.81668 -11.1932 3.83698
-1.81668 -11.1932 3.83698
5.17393 1.92674 -11.9399
5.17393 1.92674 -11.9399
5.17393 1.92674 -11.9399
5.17393 1.92674 -11.9399
5.17393 1.92674 -11.9399
-2.82799 -12.0773 1.32274
-2.82799 -12.0773 1.32274
-2.82799 -12.0773 1.32274
-2.82799 -12.0773 1.32274
-2.82799 -12.0773 1.32274
0.894355 -12.8164 -0.918091
0.894355 -12.8164 -0.918091
0.894355 -12.8164 -0.918091
0.894355 -12.8164 -0.918091
0.894355 -12.8164 -0.918091
0.894355 -12.8164 -0.918091
-4.55866 -10.7758 -0.725363
-4.55866 -10.7758 -0.725363
-4.55866 -10.7758 -0.725363
-4.55866 -10.7758 -0.725363
-4.55866 -10.7758 -0.725363
-1.42522 -8.47554 4.95069
-1.42522 -8.47554 4.95069
-1.42522 -8.47554 4.95069
-1.42522 -8.47554 4.95069
-1.42522 -8.47554 4.95069
2.17542 -11.1272 3.72674
2.17542 -11.1272 3.72674
2.17542 -11.1272 3.72674
2.17542 -11.1272 3.72674
2.17542 -11.1272 3.72674
2.17542 -11.1272 3.72674
-3.78746 4.00311 -19.2
-3.78746 4.00311 -19.2
-3.78746 4.00311 -19.2
-3.78746 4.00311 -19.2
-2.28922 -12.5006 -0.0735275
-2.28922 -12.5006 -0.0735275
-2.28922 -12.5006 -0.0735275
-2.28922 -12.5006 -0.0735275
-2.28922 -12.5006 -0.0735275
-2.28922 -12.5006 -0.0735275
-0.586523 -9.20555 4.97369
-0.586523 -9.20555 4.97369
-0.586523 -9.20555 4.97369
-0.586523 -9.20555 4.97369
-0.586523 -9.20555 4.97369
-0.586523 -9.20555 4.97369
1.16795 -11.3173 3.95487
1.16795 -11.3173 3.95487
1.16795 -11.3173 3.95487
1.16795 -11.3173 3.95487
1.16795 -11.3173 3.95487
-1.55493 -12.6569 -1.04242
-1.55493 -12.6569 -1.04242
-1.55493 -12.6569 -1.04242
-1.55493 -12.6569 -1.04242
-1.55493 -12.6569 -1.04242
4.60155 -0.0516632 3.04275
4.60155 -0.0516632 3.04275
4.60155 -0.0516632 3.04275
4.60155 -0.0516632 3.04275
4.60155 -0.0516632 3.04275
4.60155 -0.0516632 3.04275
1.21275 -0.0503591 5.39034
1.21275 -0.0503591 5.39034
1.21275 -0.0503591 5.39034
1.21275 -0.0503591 5.39034
1.21275 -0.0503591 5.39034
1.21275 -0.0503591 5.39034
0.391118 -11.8217 3.49819
0.391118 -11.8217 3.49819
0.391118 -11.8217 3.49819
0.391118 -11.8217 3.49819
0.391118 -11.8217 3.49819
0.391118 -11.8217 3.49819
4.64443 -10.7388 0.0103824
4.64443 -10.7388 0.0103824
4.64443 -10.7388 0.0103824
4.64443 -10.7388 0.0103824
4.64443 -10.7388 0.0103824
4.64443 -10.7388 0.0103824
0.379406 -8.90314 5.05244
0.379406 -8.90314 5.05244
0.379406 -8.90314 5.05244
0.379406 -8.90314 5.05244
0.379406 -8.90314 5.05244
2.26619 -10.751 4.05119
2.26619 -10.751 4.05119
2.26619 -10.751 4.05119
2.26619 -10.751 4.05119
2.26619 -10.751 4.05119
0.00519807 -12.7835 -1.43345
0.00519807 -12.7835 -1.43345
0.00519807 -12.7835 -1.43345
0.00519807 -12.7835 -1.43345
0.00519807 -12.7835 -1.43345
5.43824 0.892473 -19.1997
5.43824 0.892473 -19.1997
5.43824 0.892473 -19.1997
5.43824 0.892473 -19.1997
5.35152 -6.22463 1.26615
5.35152 -6.22463 1.26615
5.35152 -6.22463 1.26615
5.35152 -6.22463 1.26615
5.35152 -6.22463 1.26615
5.35152 -6.22463 1.26615
-4.93168 -6.43601 2.43321
-4.93168 -6.43601 2.43321
-4.93168 -6.43601 2.43321
-4.93168 -6.43601 2.43321
-4.93168 -6.43601 2.43321
-4.93168 -6.43601 2.43321
3.42917 4.31697 -19.2
3.42917 4.31697 -19.2
3.42917 4.31697 -19.2
3.42917 4.31697 -19.2
-4.57979 3.05843 -12.348
-4.57979 3.05843 -12.348
-4.57979 3.05843 -12.348
-4.57979 3.05843 -12.348
-0.106469 -6.54713 5.49731
-0.106469 -6.54713 5.49731
-0.106469 -6.54713 5.49731
-0.106469 -6.54713 5.49731
-0.106469 -6.54713 5.49731
-0.106469 -6.54713 5.49731
3.74778 4.04665 -12.5702
3.74778 4.04665 -12.5702
3.74778 4.04665 -12.5702
3.74778 4.04665 -12.5702
3.74778 4.04665 -12.5702
3.74778 4.04665 -12.5702
4.54426 -10.7338 0.965919
4.54426 -10.7338 0.965919
4.54426 -10.7338 0.965919
4.54426 -10.7338 0.965919
4.54426 -10.7338 0.965919
-1.12721 -12.8513 0.0250027
-1.12721 -12.8513 0.0250027
-1.12721 -12.8513 0.0250027
-1.12721 -12.8513 0.0250027
-1.12721 -12.8513 0.0250027
-1.12721 -12.8513 0.0250027
-1.12721 -12.8513 0.0250027
4.00623 -9.00843 3.04051
4.00623 -9.00843 3.04051
4.00623 -9.00843 3.04051
4.00623 -9.00843 3.04051
4.00623 -9.00843 3.04051
4.00623 -9.00843 3.04051
-3.18289 -6.40683 4.50332
-3.18289 -6.40683 4.50332
-3.18289 -6.40683 4.50332
-3.18289 -6.40683 4.50332
-3.18289 -6.40683 4.50332
-3.18289 -6.40683 4.50332
-5.23345 1.75231 -19.2
-5.23345 1.75231 -19.2
-5.23345 1.75231 -19.2
-5.23345 1.75231 -19.2
-4.23793 -10.9673 -1.39655
-4.23793 -10.9673 -1.39655
-4.23793 -10.9673 -1.39655
-4.23793 -10.9673 -1.39655
3.22287 -0.0468131 4.50794
3.22287 -0.0468131 4.50794
3.22287 -0.0468131 4.50794
3.22287 -0.0468131 4.50794
3.22287 -0.0468131 4.50794
3.22287 -0.0468131 4.50794
3.22287 -0.0468131 4.50794
3.22287 -0.0468131 4.50794
3.44719 -11.4389 2.02962
3.44719 -11.4389 2.02962
3.44719 -11.4389 2.02962
3.44719 -11.4389 2.02962
3.44719 -11.4389 2.02962
3.44719 -11.4389 2.02962
-4.07676 -11.3565 -0.356635
-4.07676 -11.3565 -0.356635
-4.07676 -11.3565 -0.356635
-4.07676 -11.3565 -0.356635
-4.07676 -11.3565 -0.356635
-4.07676 -11.3565 -0.356635
-4.07676 -11.3565 -0.356635
2.40356 -6.47337 4.95459
2.40356 -6.47337 4.95459
2.40356 -6.47337 4.95459
2.40356 -6.47337 4.95459
2.40356 -6.47337 4.95459
2.40356 -6.47337 4.95459
3.32836 -10.7291 3.2546
3.32836 -10.7291 3.2546
3.32836 -10.7291 3.2546
3.32836 -10.7291 3.2546
3.32836 -10.7291 3.2546
3.32836 -10.7291 3.2546
-0.576861 -12.8742 0.785566
-0.576861 -12.8742 0.785566
-0.576861 -12.8742 0.785566
-0.576861 -12.8742 0.785566
-0.576861 -12.8742 0.785566
1.75982 5.21884 -12.6655
1.75982 5.21884 -12.6655
1.75982 5.21884 -12.6655
1.75982 5.21884 -12.6655
1.75982 5.21884 -12.6655
1.75982 5.21884 -12.6655
-0.432267 -10.7417 4.61527
-0.432267 -10.7417 4.61527
-0.432267 -10.7417 4.61527
-0.432267 -10.7417 4.61527
-0.432267 -10.7417 4.61527
3.28579 -6.43268 4.41512
3.28579 -6.43268 4.41512
3.28579 -6.43268 4.41512
3.28579 -6.43268 4.41512
2.16195 -11.6378 3.06335
2.16195 -11.6378 3.06335
2.16195 -11.6378 3.06335
2.16195 -11.6378 3.06335
-4.48989 -10.7411 1.20992
-4.48989 -10.7411 1.20992
-4.48989 -10.7411 1.20992
-4.48989 -10.7411 1.20992
-4.48989 -10.7411 1.20992
-4.48989 -10.7411 1.20992
-4.90664 -8.83102 1.26515
-4.90664 -8.83102 1.26515
-4.90664 -8.83102 1.26515
-4.90664 -8.83102 1.26515
-4.90664 -8.83102 1.26515
5.49528 -6.06682 0.356367
5.49528 -6.06682 0.356367
5.49528 -6.06682 0.356367
5.49528 -6.06682 0.356367
1.3692 -10.7199 4.44347
1.3692 -10.7199 4.44347
1.3692 -10.7199 4.44347
1.3692 -10.7199 4.44347
1.3692 -10.7199 4.44347
1.3692 -10.7199 4.44347
-2.55016 -11.4408 3.08291
-2.55016 -11.4408 3.08291
-2.55016 -11.4408 3.08291
-2.55016 -11.4408 3.08291
-2.55016 -11.4408 3.08291
-2.55016 -11.4408 3.08291
-0.865872 -6.42507 5.44349
-0.865872 -6.42507 5.44349
-0.865872 -6.42507 5.44349
-0.865872 -6.42507 5.44349
-0.865872 -6.42507 5.44349
-0.865872 -6.42507 5.44349
-1.12115 -12.2478 2.61508
-1.12115 -12.2478 2.61508
-1.12115 -12.2478 2.61508
-1.12115 -12.2478 2.61508
-1.12115 -12.2478 2.61508
-1.12115 -12.2478 2.61508
-0.824254 -12.8335 -0.860316
-0.824254 -12.8335 -0.860316
-0.824254 -12.8335 -0.860316
-0.824254 -12.8335 -0.860316
-0.824254 -12.8335 -0.860316
-1.55603 5.27986 -12.6596
-1.55603 5.27986 -12.6596
-1.55603 5.27986 -12.6596
-1.55603 5.27986 -12.6596
-1.55603 5.27986 -12.6596
2.93069 -12.0242 1.31049
2.93069 -12.0242 1.31049
2.93069 -12.0242 1.31049
2.93069 -12.0242 1.31049
2.93069 -12.0242 1.31049
2.93069 -12.0242 1.31049
-1.20787 5.3723 -19.2
-1.20787 5.3723 -19.2
-1.20787 5.3723 -19.2
-1.20787 5.3723 -19.2
-2.48766 -10.7484 3.91309
-2.48766 -10.7484 3.91309
-2.48766 -10.7484 3.91309
-2.48766 -10.7484 3.91309
-2.48766 -10.7484 3.91309
-2.48766 -10.7484 3.91309
3.93186 -10.7371 2.46629
3.93186 -10.7371 2.46629
3.93186 -10.7371 2.46629
3.93186 -10.7371 2.46629
3.93186 -10.7371 2.46629
3.93186 -10.7371 2.46629
1.34658 -12.7783 0.526862
1.34658 -12.7783 0.526862
1.34658 -12.7783 0.526862
1.34658 -12.7783 0.526862
1.34658 -12.7783 0.526862
-2.15486 5.0744 -19.2
-2.15486 5.0744 -19.2
-2.15486 5.0744 -19.2
-2.15486 5.0744 -19.2
-0.0251755 -12.9371 -0.41505
-0.0251755 -12.9371 -0.41505
-0.0251755 -12.9371 -0.41505
-0.0251755 -12.9371 -0.41505
-0.0251755 -12.9371 -0.41505
0.0198012 5.4921 -12.5178
0.0198012 5.4921 -12.5178
0.0198012 5.4921 -12.5178
0.0198012 5.4921 -12.5178
0.0198012 5.4921 -12.5178
0.0198012 5.4921 -12.5178
0.0198012 5.4921 -12.5178
3.74839 -11.6272 -0.361497
3.74839 -11.6272 -0.361497
3.74839 -11.6272 -0.361497
3.74839 -11.6272 -0.361497
3.74839 -11.6272 -0.361497
3.74839 -11.6272 -0.361497
-5.31977 -6.20308 1.42816
-5.31977 -6.20308 1.42816
-5.31977 -6.20308 1.42816
-5.31977 -6.20308 1.42816
-5.31977 -6.20308 1.42816
-5.31977 -6.20308 1.42816
3.71127 -4.07306 -19.2
3.71127 -4.07306 -19.2
3.71127 -4.07306 -19.2
3.71127 -4.07306 -19.2
0.392783 -12.5091 2.25939
0.392783 -12.5091 2.25939
0.392783 -12.5091 2.25939
0.392783 -12.5091 2.25939
0.392783 -12.5091 2.25939
0.392783 -12.5091 2.25939
0.392783 -12.5091 2.25939
-3.52148 -11.1623 2.43907
-3.52148 -11.1623 2.43907
-3.52148 -11.1623 2.43907
-3.52148 -11.1623 2.43907
-3.52148 -11.1623 2.43907
-0.0355024 5.51923 -19.2
-0.0355024 5.51923 -19.2
-0.0355024 5.51923 -19.2
-0.0355024 5.51923 -19.2
-0.0355024 5.51923 -19.2
4.47276 -9.11454 2.25277
4.47276 -9.11454 2.25277
4.47276 -9.11454 2.25277
4.47276 -9.11454 2.25277
4.47276 -9.11454 2.25277
4.47276 -9.11454 2.25277
0.43116 -10.7445 4.62308
0.43116 -10.7445 4.62308
0.43116 -10.7445 4.62308
0.43116 -10.7445 4.62308
0.43116 -10.7445 4.62308
-0.848543 -12.5357 -2.05038
-0.848543 -12.5357 -2.05038
-0.848543 -12.5357 -2.05038
-0.848543 -12.5357 -2.05038
-0.848543 -12.5357 -2.05038
-0.848543 -12.5357 -2.05038
-1.92735 -12.5821 0.80081
-1.92735 -12.5821 0.80081
-1.92735 -12.5821 0.80081
-1.92735 -12.5821 0.80081
-1.92735 -12.5821 0.80081
-1.92735 -12.5821 0.80081
-1.92735 -12.5821 0.80081
-4.15071 -10.7025 2.13706
-4.15071 -10.7025 2.13706
-4.15071 -10.7025 2.13706
-4.15071 -10.7025 2.13706
-4.15071 -10.7025 2.13706
-4.15071 -10.7025 2.13706
-4.15071 -10.7025 2.13706
-2.57311 -0.0521429 4.91616
-2.57311 -0.0521429 4.91616
-2.57311 -0.0521429 4.91616
-2.57311 -0.0521429 4.91616
-2.57311 -0.0521429 4.91616
-2.57311 -0.0521429 4.91616
-2.57311 -0.0521429 4.91616
-3.88703 -11.2925 1.44681
-3.88703 -11.2925 1.44681
-3.88703 -11.2925 1.44681
-3.88703 -11.2925 1.44681
-3.88703 -11.2925 1.44681
-3.88703 -11.2925 1.44681
-3.88703 -11.2925 1.44681
-0.274381 -12.0577 3.14614
-0.274381 -12.0577 3.14614
-0.274381 -12.0577 3.14614
-0.274381 -12.0577 3.14614
-3.09226 -12.0931 -0.22429
-3.09226 -12.0931 -0.22429
-3.09226 -12.0931 -0.22429
-3.09226 -12.0931 -0.22429
-3.09226 -12.0931 -0.22429
-4.29418 -3.50201 -19.1999
-4.29418 -3.50201 -19.1999
-4.29418 -3.50201 -19.1999
-4.29418 -3.50201 -19.1999
-4.29418 -3.50201 -19.1999
1.73846 -12.4411 1.73124
1.73846 -12.4411 1.73124
1.73846 -12.4411 1.73124
1.73846 -12.4411 1.73124
1.73846 -12.4411 1.73124
1.73846 -12.4411 1.73124
1.73846 -12.4411 1.73124
2.29131 5.01509 -19.2
2.29131 5.01509 -19.2
2.29131 5.01509 -19.2
2.29131 5.01509 -19.2
0.992622 -6.48368 5.42297
0.992622 -6.48368 5.42297
0.992622 -6.48368 5.42297
0.992622 -6.48368 5.42297
0.992622 -6.48368 5.42297
0.992622 -6.48368 5.42297
-4.22517 -0.0479902 3.55908
-4.22517 -0.0479902 3.55908
-4.22517 -0.0479902 3.55908
-4.22517 -0.0479902 3.55908
-4.22517 -0.0479902 3.55908
-4.22517 -0.0479902 3.55908
-4.22517 -0.0479902 3.55908
-0.890025 -11.3838 3.96105
-0.890025 -11.3838 3.96105
-0.890025 -11.3838 3.96105
-0.890025 -11.3838 3.96105
-0.890025 -11.3838 3.96105
-0.890025 -11.3838 3.96105
-0.890025 -11.3838 3.96105
-0.890025 -11.3838 3.96105
