888
-1.84352 -5.12724 -23.2533
-1.84352 -5.12724 -23.2533
-1.84352 -5.12724 -23.2533
-1.84352 -5.12724 -23.2533
-1.84352 -5.12724 -23.2533
-1.84352 -5.12724 -23.2533
-1.17632 -5.38961 -25.9001
-1.17632 -5.38961 -25.9001
-1.17632 -5.38961 -25.9001
-1.17632 -5.38961 -25.9001
-1.17632 -5.38961 -25.9001
-1.17632 -5.38961 -25.9001
-4.14176 11.35 0.759432
-4.14176 11.35 0.759432
-4.14176 11.35 0.759432
-4.14176 11.35 0.759432
-4.14176 11.35 0.759432
-4.14176 11.35 0.759432
-4.14176 11.35 0.759432
-2.6016 4.89773 -25.8996
-2.6016 4.89773 -25.8996
-2.6016 4.89773 -25.8996
-2.6016 4.89773 -25.8996
-2.34528 -4.79827 -22.1382
-2.34528 -4.79827 -22.1382
-2.34528 -4.79827 -22.1382
-2.34528 -4.79827 -22.1382
-2.34528 -4.79827 -22.1382
-2.34528 -4.79827 -22.1382
-0.297856 12.5747 2.89296
-0.297856 12.5747 2.89296
-0.297856 12.5747 2.89296
-0.297856 12.5747 2.89296
-0.297856 12.5747 2.89296
-0.297856 12.5747 2.89296
-0.297856 12.5747 2.89296
-1.32128 11.8951 3.38964
-1.32128 11.8951 3.38964
-1.32128 11.8951 3.38964
-1.32128 11.8951 3.38964
-1.32128 11.8951 3.38964
-0.15008 -5.40861 -23.4891
-0.15008 -5.40861 -23.4891
-0.15008 -5.40861 -23.4891
-0.15008 -5.40861 -23.4891
-0.15008 -5.40861 -23.4891
-0.15008 -5.40861 -23.4891
0.845737 9.78552 5.15797
0.845737 9.78552 5.15797
0.845737 9.78552 5.15797
0.845737 9.78552 5.15797
0.845737 9.78552 5.15797
0.845737 9.78552 5.15797
-0.514606 -5.45972 -24.5451
-0.514606 -5.45972 -24.5451
-0.514606 -5.45972 -24.5451
-0.514606 -5.45972 -24.5451
-0.514606 -5.45972 -24.5451
-3.86603 10.8339 2.47012
-3.86603 10.8339 2.47012
-3.86603 10.8339 2.47012
-3.86603 10.8339 2.47012
-3.86603 10.8339 2.47012
-3.86603 10.8339 2.47012
4.85813 10.181 1.5875
4.85813 10.181 1.5875
4.85813 10.181 1.5875
4.85813 10.181 1.5875
4.85813 10.181 1.5875
4.85813 10.181 1.5875
1.82858 12.7374 -0.525426
1.82858 12.7374 -0.525426
1.82858 12.7374 -0.525426
1.82858 12.7374 -0.525426
1.82858 12.7374 -0.525426
1.82858 12.7374 -0.525426
1.74026 -5.01811 -22.0985
1.74026 -5.01811 -22.0985
1.74026 -5.01811 -22.0985
1.74026 -5.01811 -22.0985
1.74026 -5.01811 -22.0985
-2.18753 11.739 3.08766
-2.18753 11.739 3.08766
-2.18753 11.739 3.08766
-2.18753 11.739 3.08766
-2.18753 11.739 3.08766
-2.18753 11.739 3.08766
-4.94913 10.4632 -0.797341
-4.94913 10.4632 -0.797341
-4.94913 10.4632 -0.797341
-4.94913 10.4632 -0.797341
-4.94913 10.4632 -0.797341
-4.31297 3.45984 -25.8994
-4.31297 3.45984 -25.8994
-4.31297 3.45984 -25.8994
-4.31297 3.45984 -25.8994
-4.31297 3.45984 -25.8994
-4.52524 1.58049 1.6002
-4.52524 1.58049 1.6002
-4.52524 1.58049 1.6002
-4.52524 1.58049 1.6002
-4.52524 1.58049 1.6002
-4.52524 1.58049 1.6002
1.317 10.5957 4.54911
1.317 10.5957 4.54911
1.317 10.5957 4.54911
1.317 10.5957 4.54911
1.317 10.5957 4.54911
1.317 10.5957 4.54911
0.570225 12.9778 0.786264
0.570225 12.9778 0.786264
0.570225 12.9778 0.786264
0.570225 12.9778 0.786264
0.570225 12.9778 0.786264
3.86729 10.7987 2.52563
3.86729 10.7987 2.52563
3.86729 10.7987 2.52563
3.86729 10.7987 2.52563
3.86729 10.7987 2.52563
-2.55127 -4.8914 -25.9017
-2.55127 -4.8914 -25.9017
-2.55127 -4.8914 -25.9017
-2.55127 -4.8914 -25.9017
-2.55127 -4.8914 -25.9017
-2.55127 -4.8914 -25.9017
-4.54135 10.1011 2.38831
-4.54135 10.1011 2.38831
-4.54135 10.1011 2.38831
-4.54135 10.1011 2.38831
-4.54135 10.1011 2.38831
-4.54135 10.1011 2.38831
-2.02999 8.9922 -17.715
-2.02999 8.9922 -17.715
-2.02999 8.9922 -17.715
-2.02999 8.9922 -17.715
-2.02999 8.9922 -17.715
-2.02999 8.9922 -17.715
-2.02999 8.9922 -17.715
-1.15895 -5.38088 -24.8529
-1.15895 -5.38088 -24.8529
-1.15895 -5.38088 -24.8529
-1.15895 -5.38088 -24.8529
-1.15895 -5.38088 -24.8529
-1.65431 12.7324 -0.78957
-1.65431 12.7324 -0.78957
-1.65431 12.7324 -0.78957
-1.65431 12.7324 -0.78957
-4.23511 -3.53167 -23.4111
-4.23511 -3.53167 -23.4111
-4.23511 -3.53167 -23.4111
-4.23511 -3.53167 -23.4111
-4.23511 -3.53167 -23.4111
2.00073 -5.12251 -23.9239
2.00073 -5.12251 -23.9239
2.00073 -5.12251 -23.9239
2.00073 -5.12251 -23.9239
2.00073 -5.12251 -23.9239
2.00073 -5.12251 -23.9239
2.00073 -5.12251 -23.9239
-4.64919 -2.97098 -25.9049
-4.64919 -2.97098 -25.9049
-4.64919 -2.97098 -25.9049
-4.64919 -2.97098 -25.9049
-4.64919 -2.97098 -25.9049
-4.64919 -2.97098 -25.9049
-2.84354 11.8371 2.35507
-2.84354 11.8371 2.35507
-2.84354 11.8371 2.35507
-2.84354 11.8371 2.35507
-2.84354 11.8371 2.35507
-2.84354 11.8371 2.35507
-1.0877 8.90852 -18.6003
-1.0877 8.90852 -18.6003
-1.0877 8.90852 -18.6003
-1.0877 8.90852 -18.6003
-1.0877 8.90852 -18.6003
-1.76322 1.58056 4.47858
-1.76322 1.58056 4.47858
-1.76322 1.58056 4.47858
-1.76322 1.58056 4.47858
-1.76322 1.58056 4.47858
-1.76322 1.58056 4.47858
2.96286 11.2933 2.96168
2.96286 11.2933 2.96168
2.96286 11.2933 2.96168
2.96286 11.2933 2.96168
2.96286 11.2933 2.96168
2.96286 11.2933 2.96168
-0.680683 12.9518 1.13243
-0.680683 12.9518 1.13243
-0.680683 12.9518 1.13243
-0.680683 12.9518 1.13243
-0.680683 12.9518 1.13243
-0.680683 12.9518 1.13243
-3.21645 -4.48436 -23.7578
-3.21645 -4.48436 -23.7578
-3.21645 -4.48436 -23.7578
-3.21645 -4.48436 -23.7578
-3.21645 -4.48436 -23.7578
4.88723 -2.54256 -23.9856
4.88723 -2.54256 -23.9856
4.88723 -2.54256 -23.9856
4.88723 -2.54256 -23.9856
-4.03533 10.0177 3.22553
-4.03533 10.0177 3.22553
-4.03533 10.0177 3.22553
-4.03533 10.0177 3.22553
-4.03533 10.0177 3.22553
-1.11501 -5.30911 -23.3902
-1.11501 -5.30911 -23.3902
-1.11501 -5.30911 -23.3902
-1.11501 -5.30911 -23.3902
-1.11501 -5.30911 -23.3902
-1.11501 -5.30911 -23.3902
-1.98253 9.85332 4.82747
-1.98253 9.85332 4.82747
-1.98253 9.85332 4.82747
-1.98253 9.85332 4.82747
-1.98253 9.85332 4.82747
-1.98253 9.85332 4.82747
5.258 1.74219 -25.9
5.258 1.74219 -25.9
5.258 1.74219 -25.9
5.258 1.74219 -25.9
5.258 1.74219 -25.9
-4.98712 -2.35233 -24.1469
-4.98712 -2.35233 -24.1469
-4.98712 -2.35233 -24.1469
-4.98712 -2.35233 -24.1469
-4.98712 -2.35233 -24.1469
-5.04056 10.394 0.026232
-5.04056 10.394 0.026232
-5.04056 10.394 0.026232
-5.04056 10.394 0.026232
-5.04056 10.394 0.026232
-5.04056 10.394 0.026232
-5.04056 10.394 0.026232
4.52456 10.1018 2.43984
4.52456 10.1018 2.43984
4.52456 10.1018 2.43984
4.52456 10.1018 2.43984
4.52456 10.1018 2.43984
4.52456 10.1018 2.43984
-1.58787 11.1456 4.01963
-1.58787 11.1456 4.01963
-1.58787 11.1456 4.01963
-1.58787 11.1456 4.01963
-1.58787 11.1456 4.01963
-1.58787 11.1456 4.01963
-2.09443 12.7182 0.468544
-2.09443 12.7182 0.468544
-2.09443 12.7182 0.468544
-2.09443 12.7182 0.468544
-2.09443 12.7182 0.468544
-3.13379 -4.46826 -22.725
-3.13379 -4.46826 -22.725
-3.13379 -4.46826 -22.725
-3.13379 -4.46826 -22.725
-3.13379 -4.46826 -22.725
-3.29027 12.2164 0.0226109
-3.29027 12.2164 0.0226109
-3.29027 12.2164 0.0226109
-3.29027 12.2164 0.0226109
-3.29027 12.2164 0.0226109
-3.29027 12.2164 0.0226109
-3.41411 9.93251 3.90974
-3.41411 9.93251 3.90974
-3.41411 9.93251 3.90974
-3.41411 9.93251 3.90974
-3.41411 9.93251 3.90974
-3.41411 9.93251 3.90974
-0.404661 12.9904 0.255941
-0.404661 12.9904 0.255941
-0.404661 12.9904 0.255941
-0.404661 12.9904 0.255941
-0.404661 12.9904 0.255941
-0.265461 1.58048 4.79836
-0.265461 1.58048 4.79836
-0.265461 1.58048 4.79836
-0.265461 1.58048 4.79836
-0.265461 1.58048 4.79836
-1.57678 12.8209 1.07058
-1.57678 12.8209 1.07058
-1.57678 12.8209 1.07058
-1.57678 12.8209 1.07058
-1.57678 12.8209 1.07058
-1.57678 12.8209 1.07058
5.50834 -0.232089 -25.9005
5.50834 -0.232089 -25.9005
5.50834 -0.232089 -25.9005
5.50834 -0.232089 -25.9005
5.50834 -0.232089 -25.9005
5.50834 -0.232089 -25.9005
3.09746 4.57553 -25.9001
3.09746 4.57553 -25.9001
3.09746 4.57553 -25.9001
3.09746 4.57553 -25.9001
3.09746 4.57553 -25.9001
4.73394 10.7777 -0.00151997
4.73394 10.7777 -0.00151997
4.73394 10.7777 -0.00151997
4.73394 10.7777 -0.00151997
4.73394 10.7777 -0.00151997
-4.34734 10.8215 1.58497
-4.34734 10.8215 1.58497
-4.34734 10.8215 1.58497
-4.34734 10.8215 1.58497
-4.34734 10.8215 1.58497
4.52178 1.58122 1.61791
4.52178 1.58122 1.61791
4.52178 1.58122 1.61791
4.52178 1.58122 1.61791
4.52178 1.58122 1.61791
4.52178 1.58122 1.61791
4.52178 1.58122 1.61791
1.14866 5.42361 -25.8996
1.14866 5.42361 -25.8996
1.14866 5.42361 -25.8996
1.14866 5.42361 -25.8996
1.14866 5.42361 -25.8996
1.14866 5.42361 -25.8996
1.12114 -5.39775 -25.9006
1.12114 -5.39775 -25.9006
1.12114 -5.39775 -25.9006
1.12114 -5.39775 -25.9006
1.12114 -5.39775 -25.9006
2.6981 10.6874 3.80555
2.6981 10.6874 3.80555
2.6981 10.6874 3.80555
2.6981 10.6874 3.80555
2.6981 10.6874 3.80555
-1.64345 12.5262 2.50506
-1.64345 12.5262 2.50506
-1.64345 12.5262 2.50506
-1.64345 12.5262 2.50506
-1.64345 12.5262 2.50506
-1.64345 12.5262 2.50506
-1.64345 12.5262 2.50506
1.01799 12.9396 -0.0721459
1.01799 12.9396 -0.0721459
1.01799 12.9396 -0.0721459
1.01799 12.9396 -0.0721459
1.01799 12.9396 -0.0721459
1.01799 12.9396 -0.0721459
1.69703 8.28636 -20.0849
1.69703 8.28636 -20.0849
1.69703 8.28636 -20.0849
1.69703 8.28636 -20.0849
0.313473 -5.51279 -25.8948
0.313473 -5.51279 -25.8948
0.313473 -5.51279 -25.8948
0.313473 -5.51279 -25.8948
0.313473 -5.51279 -25.8948
0.313473 -5.51279 -25.8948
0.313473 -5.51279 -25.8948
-4.76623 1.58612 0.578372
-4.76623 1.58612 0.578372
-4.76623 1.58612 0.578372
-4.76623 1.58612 0.578372
-4.76623 1.58612 0.578372
-4.76623 1.58612 0.578372
-4.76623 1.58612 0.578372
-4.76623 1.58612 0.578372
-4.76623 1.58612 0.578372
4.51441 -3.16053 -23.5642
4.51441 -3.16053 -23.5642
4.51441 -3.16053 -23.5642
4.51441 -3.16053 -23.5642
4.51441 -3.16053 -23.5642
4.25233 11.2999 -0.625599
4.25233 11.2999 -0.625599
4.25233 11.2999 -0.625599
4.25233 11.2999 -0.625599
4.25233 11.2999 -0.625599
2.02673 11.7145 3.22446
2.02673 11.7145 3.22446
2.02673 11.7145 3.22446
2.02673 11.7145 3.22446
2.02673 11.7145 3.22446
4.34737 3.4016 -25.8998
4.34737 3.4016 -25.8998
4.34737 3.4016 -25.8998
4.34737 3.4016 -25.8998
4.34737 3.4016 -25.8998
4.34737 3.4016 -25.8998
3.25105 11.7444 1.94622
3.25105 11.7444 1.94622
3.25105 11.7444 1.94622
3.25105 11.7444 1.94622
3.25105 11.7444 1.94622
0.818003 -5.34604 -23.2618
0.818003 -5.34604 -23.2618
0.818003 -5.34604 -23.2618
0.818003 -5.34604 -23.2618
0.818003 -5.34604 -23.2618
0.818003 -5.34604 -23.2618
0.818003 -5.34604 -23.2618
-4.97018 0.347233 -26.4544
-4.97018 0.347233 -26.4544
-4.97018 0.347233 -26.4544
-4.97018 0.347233 -26.4544
-4.97018 0.347233 -26.4544
-4.97018 0.347233 -26.4544
-4.97018 0.347233 -26.4544
-4.97018 0.347233 -26.4544
-4.97018 0.347233 -26.4544
-4.97018 0.347233 -26.4544
-4.97018 0.347233 -26.4544
-4.97018 0.347233 -26.4544
5.43174 -1.0114 -25.8986
5.43174 -1.0114 -25.8986
5.43174 -1.0114 -25.8986
5.43174 -1.0114 -25.8986
5.43174 -1.0114 -25.8986
3.15654 -4.52086 -23.463
3.15654 -4.52086 -23.463
3.15654 -4.52086 -23.463
3.15654 -4.52086 -23.463
3.15654 -4.52086 -23.463
1.28038 -5.34418 -24.4006
1.28038 -5.34418 -24.4006
1.28038 -5.34418 -24.4006
1.28038 -5.34418 -24.4006
1.46662 8.94052 -18.3272
1.46662 8.94052 -18.3272
1.46662 8.94052 -18.3272
1.46662 8.94052 -18.3272
1.46662 8.94052 -18.3272
1.46662 8.94052 -18.3272
1.46662 8.94052 -18.3272
-3.4761 11.653 1.71931
-3.4761 11.653 1.71931
-3.4761 11.653 1.71931
-3.4761 11.653 1.71931
-3.4761 11.653 1.71931
1.4791 1.57738 4.5936
1.4791 1.57738 4.5936
1.4791 1.57738 4.5936
1.4791 1.57738 4.5936
1.4791 1.57738 4.5936
1.4791 1.57738 4.5936
0.0366808 8.98177 -18.5536
0.0366808 8.98177 -18.5536
0.0366808 8.98177 -18.5536
0.0366808 8.98177 -18.5536
0.0366808 8.98177 -18.5536
0.0366808 8.98177 -18.5536
-0.800155 10.6305 4.65022
-0.800155 10.6305 4.65022
-0.800155 10.6305 4.65022
-0.800155 10.6305 4.65022
-0.800155 10.6305 4.65022
-0.800155 10.6305 4.65022
-4.60709 -3.02314 -23.64
-4.60709 -3.02314 -23.64
-4.60709 -3.02314 -23.64
-4.60709 -3.02314 -23.64
2.45115 12.5729 -0.205197
2.45115 12.5729 -0.205197
2.45115 12.5729 -0.205197
2.45115 12.5729 -0.205197
2.45115 12.5729 -0.205197
4.87483 -2.57148 -25.9002
4.87483 -2.57148 -25.9002
4.87483 -2.57148 -25.9002
4.87483 -2.57148 -25.9002
4.87483 -2.57148 -25.9002
4.87483 -2.57148 -25.9002
3.69915 -4.08355 -23.1671
3.69915 -4.08355 -23.1671
3.69915 -4.08355 -23.1671
3.69915 -4.08355 -23.1671
3.69915 -4.08355 -23.1671
3.69915 -4.08355 -23.1671
-3.08965 11.0555 3.11087
-3.08965 11.0555 3.11087
-3.08965 11.0555 3.11087
-3.08965 11.0555 3.11087
-3.08965 11.0555 3.11087
-3.08965 11.0555 3.11087
-1.13925 8.43027 -19.9691
-1.13925 8.43027 -19.9691
-1.13925 8.43027 -19.9691
-1.13925 8.43027 -19.9691
-1.13925 8.43027 -19.9691
-1.13925 8.43027 -19.9691
4.01915 11.5285 0.394908
4.01915 11.5285 0.394908
4.01915 11.5285 0.394908
4.01915 11.5285 0.394908
4.01915 11.5285 0.394908
4.01915 11.5285 0.394908
2.65211 12.4106 1.57984
2.65211 12.4106 1.57984
2.65211 12.4106 1.57984
2.65211 12.4106 1.57984
2.65211 12.4106 1.57984
3.40123 -4.34612 -25.8999
3.40123 -4.34612 -25.8999
3.40123 -4.34612 -25.8999
3.40123 -4.34612 -25.8999
3.40123 -4.34612 -25.8999
3.40123 -4.34612 -25.8999
3.40123 -4.34612 -25.8999
-4.90085 10.1881 1.47023
-4.90085 10.1881 1.47023
-4.90085 10.1881 1.47023
-4.90085 10.1881 1.47023
-4.90085 10.1881 1.47023
-4.90085 10.1881 1.47023
3.1288 1.58058 3.65844
3.1288 1.58058 3.65844
3.1288 1.58058 3.65844
3.1288 1.58058 3.65844
3.1288 1.58058 3.65844
3.1288 1.58058 3.65844
3.05157 9.89522 4.20534
3.05157 9.89522 4.20534
3.05157 9.89522 4.20534
3.05157 9.89522 4.20534
3.05157 9.89522 4.20534
2.67557 -4.81624 -23.7477
2.67557 -4.81624 -23.7477
2.67557 -4.81624 -23.7477
2.67557 -4.81624 -23.7477
2.67557 -4.81624 -23.7477
-1.48123 -5.06939 -21.9569
-1.48123 -5.06939 -21.9569
-1.48123 -5.06939 -21.9569
-1.48123 -5.06939 -21.9569
-1.48123 -5.06939 -21.9569
0.823771 12.8888 1.47072
0.823771 12.8888 1.47072
0.823771 12.8888 1.47072
0.823771 12.8888 1.47072
0.823771 12.8888 1.47072
0.823771 12.8888 1.47072
2.1609 12.4624 2.1486
2.1609 12.4624 2.1486
2.1609 12.4624 2.1486
2.1609 12.4624 2.1486
2.1609 12.4624 2.1486
2.1609 12.4624 2.1486
2.1609 12.4624 2.1486
-2.92369 1.57964 3.80748
-2.92369 1.57964 3.80748
-2.92369 1.57964 3.80748
-2.92369 1.57964 3.80748
-2.92369 1.57964 3.80748
-0.797034 5.45813 -25.9003
-0.797034 5.45813 -25.9003
-0.797034 5.45813 -25.9003
-0.797034 5.45813 -25.9003
-0.797034 5.45813 -25.9003
-0.797034 5.45813 -25.9003
-1.78172 8.70815 -18.8987
-1.78172 8.70815 -18.8987
-1.78172 8.70815 -18.8987
-1.78172 8.70815 -18.8987
-2.54716 -4.87866 -23.6436
-2.54716 -4.87866 -23.6436
-2.54716 -4.87866 -23.6436
-2.54716 -4.87866 -23.6436
-2.54716 -4.87866 -23.6436
-2.54716 -4.87866 -23.6436
4.76676 1.58614 0.572593
4.76676 1.58614 0.572593
4.76676 1.58614 0.572593
4.76676 1.58614 0.572593
4.76676 1.58614 0.572593
4.76676 1.58614 0.572593
4.76676 1.58614 0.572593
4.76676 1.58614 0.572593
4.76676 1.58614 0.572593
4.76676 1.58614 0.572593
-3.6886 -4.08478 -25.9013
-3.6886 -4.08478 -25.9013
-3.6886 -4.08478 -25.9013
-3.6886 -4.08478 -25.9013
-3.6886 -4.08478 -25.9013
-3.6886 -4.08478 -25.9013
-2.7126 10.5324 3.93822
-2.7126 10.5324 3.93822
-2.7126 10.5324 3.93822
-2.7126 10.5324 3.93822
-2.7126 10.5324 3.93822
-2.7126 10.5324 3.93822
3.30692 12.1645 -0.294267
3.30692 12.1645 -0.294267
3.30692 12.1645 -0.294267
3.30692 12.1645 -0.294267
3.30692 12.1645 -0.294267
-1.4582 12.8709 0.0608123
-1.4582 12.8709 0.0608123
-1.4582 12.8709 0.0608123
-1.4582 12.8709 0.0608123
-1.4582 12.8709 0.0608123
-1.4582 12.8709 0.0608123
-1.4582 12.8709 0.0608123
-5.02983 2.23771 -25.9002
-5.02983 2.23771 -25.9002
-5.02983 2.23771 -25.9002
-5.02983 2.23771 -25.9002
-5.39719 1.15474 -25.9007
-5.39719 1.15474 -25.9007
-5.39719 1.15474 -25.9007
-5.39719 1.15474 -25.9007
-5.39719 1.15474 -25.9007
-0.464902 9.7802 5.21683
-0.464902 9.7802 5.21683
-0.464902 9.7802 5.21683
-0.464902 9.7802 5.21683
-0.464902 9.7802 5.21683
-0.464902 9.7802 5.21683
1.08505 8.51653 -19.7911
1.08505 8.51653 -19.7911
1.08505 8.51653 -19.7911
1.08505 8.51653 -19.7911
5.21465 -1.74772 -24.3011
5.21465 -1.74772 -24.3011
5.21465 -1.74772 -24.3011
5.21465 -1.74772 -24.3011
0.744547 11.7539 3.72639
0.744547 11.7539 3.72639
0.744547 11.7539 3.72639
0.744547 11.7539 3.72639
0.744547 11.7539 3.72639
0.744547 11.7539 3.72639
-4.97202 -0.335146 -26.4554
-4.97202 -0.335146 -26.4554
-4.97202 -0.335146 -26.4554
-4.97202 -0.335146 -26.4554
-4.97202 -0.335146 -26.4554
-4.97202 -0.335146 -26.4554
-4.97202 -0.335146 -26.4554
-4.97202 -0.335146 -26.4554
-4.97202 -0.335146 -26.4554
-4.97202 -0.335146 -26.4554
-4.97202 -0.335146 -26.4554
-4.97202 -0.335146 -26.4554
-4.97202 -0.335146 -26.4554
-4.97202 -0.335146 -26.4554
-4.97202 -0.335146 -26.4554
2.07982 10.501 4.32091
2.07982 10.501 4.32091
2.07982 10.501 4.32091
2.07982 10.501 4.32091
2.07982 10.501 4.32091
-0.0706977 8.53749 -19.883
-0.0706977 8.53749 -19.883
-0.0706977 8.53749 -19.883
-0.0706977 8.53749 -19.883
-0.0706977 8.53749 -19.883
-0.0706977 8.53749 -19.883
4.95139 10.4438 -0.803525
4.95139 10.4438 -0.803525
4.95139 10.4438 -0.803525
4.95139 10.4438 -0.803525
4.95139 10.4438 -0.803525
4.95139 10.4438 -0.803525
4.11203 11.2056 1.35454
4.11203 11.2056 1.35454
4.11203 11.2056 1.35454
4.11203 11.2056 1.35454
4.11203 11.2056 1.35454
4.11203 11.2056 1.35454
4.11203 11.2056 1.35454
4.11203 11.2056 1.35454
2.71491 8.82184 -17.5367
2.71491 8.82184 -17.5367
2.71491 8.82184 -17.5367
2.71491 8.82184 -17.5367
2.71491 8.82184 -17.5367
2.71491 8.82184 -17.5367
2.71491 8.82184 -17.5367
2.71491 8.82184 -17.5367
-3.89992 1.58124 2.82289
-3.89992 1.58124 2.82289
-3.89992 1.58124 2.82289
-3.89992 1.58124 2.82289
-3.89992 1.58124 2.82289
-3.89992 1.58124 2.82289
-3.89992 1.58124 2.82289
-3.89992 1.58124 2.82289
4.29261 -3.44745 -25.9
4.29261 -3.44745 -25.9
4.29261 -3.44745 -25.9
4.29261 -3.44745 -25.9
4.29261 -3.44745 -25.9
-2.34611 12.5996 -0.338629
-2.34611 12.5996 -0.338629
-2.34611 12.5996 -0.338629
-2.34611 12.5996 -0.338629
-2.34611 12.5996 -0.338629
-2.34611 12.5996 -0.338629
1.82157 12.7911 0.818936
1.82157 12.7911 0.818936
1.82157 12.7911 0.818936
1.82157 12.7911 0.818936
1.82157 12.7911 0.818936
1.82157 12.7911 0.818936
1.82157 12.7911 0.818936
1.82157 12.7911 0.818936
1.51821 11.6651 3.55168
1.51821 11.6651 3.55168
1.51821 11.6651 3.55168
1.51821 11.6651 3.55168
1.51821 11.6651 3.55168
5.05261 10.3338 0.3046
5.05261 10.3338 0.3046
5.05261 10.3338 0.3046
5.05261 10.3338 0.3046
5.05261 10.3338 0.3046
5.05261 10.3338 0.3046
5.05261 10.3338 0.3046
-2.53971 9.85604 4.545
-2.53971 9.85604 4.545
-2.53971 9.85604 4.545
-2.53971 9.85604 4.545
-2.53971 9.85604 4.545
-5.20371 -1.80928 -25.9016
-5.20371 -1.80928 -25.9016
-5.20371 -1.80928 -25.9016
-5.20371 -1.80928 -25.9016
-5.20371 -1.80928 -25.9016
3.10893 -4.41283 -22.3477
3.10893 -4.41283 -22.3477
3.10893 -4.41283 -22.3477
3.10893 -4.41283 -22.3477
-3.80371 -3.98825 -23.2196
-3.80371 -3.98825 -23.2196
-3.80371 -3.98825 -23.2196
-3.80371 -3.98825 -23.2196
-3.80371 -3.98825 -23.2196
-0.0100997 11.7598 3.81533
-0.0100997 11.7598 3.81533
-0.0100997 11.7598 3.81533
-0.0100997 11.7598 3.81533
-0.0100997 11.7598 3.81533
4.01474 1.58034 2.63116
4.01474 1.58034 2.63116
4.01474 1.58034 2.63116
4.01474 1.58034 2.63116
4.01474 1.58034 2.63116
4.01474 1.58034 2.63116
4.01474 1.58034 2.63116
-2.82014 12.3798 1.36459
-2.82014 12.3798 1.36459
-2.82014 12.3798 1.36459
-2.82014 12.3798 1.36459
-2.82014 12.3798 1.36459
-2.82014 12.3798 1.36459
-2.82014 12.3798 1.36459
-2.22302 8.40403 -19.47
-2.22302 8.40403 -19.47
-2.22302 8.40403 -19.47
-2.22302 8.40403 -19.47
-2.22302 8.40403 -19.47
-2.22302 8.40403 -19.47
-2.22302 8.40403 -19.47
-0.421123 12.8983 1.65327
-0.421123 12.8983 1.65327
-0.421123 12.8983 1.65327
-0.421123 12.8983 1.65327
-0.421123 12.8983 1.65327
1.03223 12.5617 2.7241
1.03223 12.5617 2.7241
1.03223 12.5617 2.7241
1.03223 12.5617 2.7241
1.03223 12.5617 2.7241
1.03223 12.5617 2.7241
0.343462 -5.15255 -21.43
0.343462 -5.15255 -21.43
0.343462 -5.15255 -21.43
0.343462 -5.15255 -21.43
0.343462 -5.15255 -21.43
0.343462 -5.15255 -21.43
3.14263 12.2907 0.690866
3.14263 12.2907 0.690866
3.14263 12.2907 0.690866
3.14263 12.2907 0.690866
3.14263 12.2907 0.690866
3.14263 12.2907 0.690866
0.864591 12.8414 -0.944393
0.864591 12.8414 -0.944393
0.864591 12.8414 -0.944393
0.864591 12.8414 -0.944393
0.864591 12.8414 -0.944393
-0.633969 12.9112 -0.677255
-0.633969 12.9112 -0.677255
-0.633969 12.9112 -0.677255
-0.633969 12.9112 -0.677255
-0.633969 12.9112 -0.677255
-0.633969 12.9112 -0.677255
-0.633969 12.9112 -0.677255
-0.633969 12.9112 -0.677255
-4.10612 11.4696 -0.403508
-4.10612 11.4696 -0.403508
-4.10612 11.4696 -0.403508
-4.10612 11.4696 -0.403508
-4.10612 11.4696 -0.403508
2.3166 8.49566 -19.1089
2.3166 8.49566 -19.1089
2.3166 8.49566 -19.1089
2.3166 8.49566 -19.1089
2.3166 8.49566 -19.1089
2.41036 -4.81842 -22.3965
2.41036 -4.81842 -22.3965
2.41036 -4.81842 -22.3965
2.41036 -4.81842 -22.3965
2.41036 -4.81842 -22.3965
2.41036 -4.81842 -22.3965
2.41036 -4.81842 -22.3965
-0.786015 -5.14125 -21.6166
-0.786015 -5.14125 -21.6166
-0.786015 -5.14125 -21.6166
-0.786015 -5.14125 -21.6166
-0.786015 -5.14125 -21.6166
-0.786015 -5.14125 -21.6166
-0.786015 -5.14125 -21.6166
-5.32127 -1.39108 -24.5524
-5.32127 -1.39108 -24.5524
-5.32127 -1.39108 -24.5524
-5.32127 -1.39108 -24.5524
2.25281 -5.02768 -25.8997
2.25281 -5.02768 -25.8997
2.25281 -5.02768 -25.8997
2.25281 -5.02768 -25.8997
2.25281 -5.02768 -25.8997
4.08193 -3.71286 -23.4122
4.08193 -3.71286 -23.4122
4.08193 -3.71286 -23.4122
4.08193 -3.71286 -23.4122
4.08193 -3.71286 -23.4122
-0.599286 11.5866 3.9041
-0.599286 11.5866 3.9041
-0.599286 11.5866 3.9041
-0.599286 11.5866 3.9041
-0.599286 11.5866 3.9041
-2.75999 8.84093 -17.3066
-2.75999 8.84093 -17.3066
-2.75999 8.84093 -17.3066
-2.75999 8.84093 -17.3066
-2.75999 8.84093 -17.3066
-2.75999 8.84093 -17.3066
-2.75999 8.84093 -17.3066
2.01633 9.82485 4.81919
2.01633 9.82485 4.81919
2.01633 9.82485 4.81919
2.01633 9.82485 4.81919
2.01633 9.82485 4.81919
2.01633 9.82485 4.81919
0.995996 -5.07371 -21.4368
0.995996 -5.07371 -21.4368
0.995996 -5.07371 -21.4368
0.995996 -5.07371 -21.4368
0.995996 -5.07371 -21.4368
0.995996 -5.07371 -21.4368
0.26027 10.5303 4.79468
0.26027 10.5303 4.79468
0.26027 10.5303 4.79468
0.26027 10.5303 4.79468
0.26027 10.5303 4.79468
0.26027 10.5303 4.79468
-5.50165 -0.438795 -25.8986
-5.50165 -0.438795 -25.8986
-5.50165 -0.438795 -25.8986
-5.50165 -0.438795 -25.8986
-5.50165 -0.438795 -25.8986
-5.50165 -0.438795 -25.8986
-5.50165 -0.438795 -25.8986
3.74091 9.98212 3.5842
3.74091 9.98212 3.5842
3.74091 9.98212 3.5842
3.74091 9.98212 3.5842
3.74091 9.98212 3.5842
3.74091 9.98212 3.5842
3.74091 9.98212 3.5842
-1.96949 -5.13601 -24.2356
-1.96949 -5.13601 -24.2356
-1.96949 -5.13601 -24.2356
-1.96949 -5.13601 -24.2356
-1.96949 -5.13601 -24.2356
4.46027 10.93 0.972366
4.46027 10.93 0.972366
4.46027 10.93 0.972366
4.46027 10.93 0.972366
4.46027 10.93 0.972366
