498
-2.18528 5.06849 14.0
-2.18528 5.06849 14.0
-2.18528 5.06849 14.0
-2.18528 5.06849 14.0
5.48768 -0.456585 14.0
5.48768 -0.456585 14.0
5.48768 -0.456585 14.0
5.48768 -0.456585 14.0
-13.7824 -6.24363 0.755269
-13.7824 -6.24363 0.755269
-13.7824 -6.24363 0.755269
-13.7824 -6.24363 0.755269
-13.7824 -6.24363 0.755269
-14.3472 -5.48617 -4.39e-06
-14.3472 -5.48617 -4.39e-06
-14.3472 -5.48617 -4.39e-06
-14.3472 -5.48617 -4.39e-06
-14.3472 -5.48617 -4.39e-06
0.907648 7.37151 7.84549
0.907648 7.37151 7.84549
0.907648 7.37151 7.84549
0.907648 7.37151 7.84549
0.907648 7.37151 7.84549
5.26517 -1.63561 14.0
5.26517 -1.63561 14.0
5.26517 -1.63561 14.0
5.26517 -1.63561 14.0
1.43701 -5.32489 13.9999
1.43701 -5.32489 13.9999
1.43701 -5.32489 13.9999
1.43701 -5.32489 13.9999
4.74762 -2.79259 14.0
4.74762 -2.79259 14.0
4.74762 -2.79259 14.0
4.74762 -2.79259 14.0
4.74762 -2.79259 14.0
6.86186 2.08178 0.129774
6.86186 2.08178 0.129774
6.86186 2.08178 0.129774
6.86186 2.08178 0.129774
-15.4079 -0.554168 -3.755e-05
-15.4079 -0.554168 -3.755e-05
-15.4079 -0.554168 -3.755e-05
-15.4079 -0.554168 -3.755e-05
-15.4079 -0.554168 -3.755e-05
0.826788 -9.18247 0.024289
0.826788 -9.18247 0.024289
0.826788 -9.18247 0.024289
0.826788 -9.18247 0.024289
0.826788 -9.18247 0.024289
4.62474 3.00326 14.0
4.62474 3.00326 14.0
4.62474 3.00326 14.0
4.62474 3.00326 14.0
4.62474 3.00326 14.0
2.00202 5.14462 13.9999
2.00202 5.14462 13.9999
2.00202 5.14462 13.9999
2.00202 5.14462 13.9999
-10.9983 4.86112 5.88796
-10.9983 4.86112 5.88796
-10.9983 4.86112 5.88796
-10.9983 4.86112 5.88796
-10.9983 4.86112 5.88796
-5.28609 1.57105 14.0
-5.28609 1.57105 14.0
-5.28609 1.57105 14.0
-5.28609 1.57105 14.0
-5.28609 1.57105 14.0
-5.28609 1.57105 14.0
6.35871 3.29931 0.120988
6.35871 3.29931 0.120988
6.35871 3.29931 0.120988
6.35871 3.29931 0.120988
-11.571 3.95945 6.07111
-11.571 3.95945 6.07111
-11.571 3.95945 6.07111
-11.571 3.95945 6.07111
-11.571 3.95945 6.07111
-5.4766 -0.54659 14.0
-5.4766 -0.54659 14.0
-5.4766 -0.54659 14.0
-5.4766 -0.54659 14.0
-5.4766 -0.54659 14.0
0.408648 9.39818 0.0170711
0.408648 9.39818 0.0170711
0.408648 9.39818 0.0170711
-15.3166 -0.203576 0.835078
-15.3166 -0.203576 0.835078
-15.3166 -0.203576 0.835078
-15.3166 -0.203576 0.835078
-15.3166 -0.203576 0.835078
3.17161 4.50507 14.0
3.17161 4.50507 14.0
3.17161 4.50507 14.0
3.17161 4.50507 14.0
-0.0866581 -9.37369 0.817823
-0.0866581 -9.37369 0.817823
-0.0866581 -9.37369 0.817823
-0.0866581 -9.37369 0.817823
-0.0866581 -9.37369 0.817823
-0.0866581 -9.37369 0.817823
-12.1149 1.81378 6.15703
-12.1149 1.81378 6.15703
-12.1149 1.81378 6.15703
-12.1149 1.81378 6.15703
-12.1149 1.81378 6.15703
-5.49666 0.345713 14.0
-5.49666 0.345713 14.0
-5.49666 0.345713 14.0
-5.49666 0.345713 14.0
-5.49666 0.345713 14.0
0.349566 -9.42157 0.0177738
0.349566 -9.42157 0.0177738
0.349566 -9.42157 0.0177738
0.349566 -9.42157 0.0177738
0.734398 9.14466 0.831775
0.734398 9.14466 0.831775
0.734398 9.14466 0.831775
0.734398 9.14466 0.831775
0.734398 9.14466 0.831775
0.734398 9.14466 0.831775
-0.159938 9.36322 0.849181
-0.159938 9.36322 0.849181
-0.159938 9.36322 0.849181
-0.159938 9.36322 0.849181
-0.159938 9.36322 0.849181
-4.77037 2.75963 14.0
-4.77037 2.75963 14.0
-4.77037 2.75963 14.0
-4.77037 2.75963 14.0
0.769447 9.22715 0.0234291
0.769447 9.22715 0.0234291
0.769447 9.22715 0.0234291
0.769447 9.22715 0.0234291
-14.9244 -3.71861 0.781712
-14.9244 -3.71861 0.781712
-14.9244 -3.71861 0.781712
-14.9244 -3.71861 0.781712
-14.9244 -3.71861 0.781712
-14.9244 -3.71861 0.781712
-13.1612 6.88472 7.497e-05
-13.1612 6.88472 7.497e-05
-13.1612 6.88472 7.497e-05
-13.1612 6.88472 7.497e-05
-11.7004 -3.66378 6.08364
-11.7004 -3.66378 6.08364
-11.7004 -3.66378 6.08364
-11.7004 -3.66378 6.08364
-11.7004 -3.66378 6.08364
-12.03 -2.35449 6.15099
-12.03 -2.35449 6.15099
-12.03 -2.35449 6.15099
-12.03 -2.35449 6.15099
-12.03 -2.35449 6.15099
-12.03 -2.35449 6.15099
-14.5452 -4.85961 0.768247
-14.5452 -4.85961 0.768247
-14.5452 -4.85961 0.768247
-14.5452 -4.85961 0.768247
-14.5452 -4.85961 0.768247
-14.5452 -4.85961 0.768247
-14.6172 4.67529 0.770437
-14.6172 4.67529 0.770437
-14.6172 4.67529 0.770437
-14.6172 4.67529 0.770437
-14.6172 4.67529 0.770437
-14.6172 4.67529 0.770437
-0.908423 -5.42971 14.0
-0.908423 -5.42971 14.0
-0.908423 -5.42971 14.0
-3.17059 4.50099 14.0
-3.17059 4.50099 14.0
-3.17059 4.50099 14.0
-3.17059 4.50099 14.0
0.366946 -9.32492 0.847566
0.366946 -9.32492 0.847566
0.366946 -9.32492 0.847566
0.366946 -9.32492 0.847566
0.366946 -9.32492 0.847566
0.366946 -9.32492 0.847566
-14.0043 6.07227 -1.649e-05
-14.0043 6.07227 -1.649e-05
-14.0043 6.07227 -1.649e-05
-14.0043 6.07227 -1.649e-05
-7.1675 -7.56205 5.75204
-7.1675 -7.56205 5.75204
-7.1675 -7.56205 5.75204
-7.1675 -7.56205 5.75204
-7.1675 -7.56205 5.75204
-7.1675 -7.56205 5.75204
-7.1675 -7.56205 5.75204
-7.1675 -7.56205 5.75204
-13.5131 -6.58707 0.751985
-13.5131 -6.58707 0.751985
-13.5131 -6.58707 0.751985
-13.5131 -6.58707 0.751985
-13.5131 -6.58707 0.751985
-13.5131 -6.58707 0.751985
3.91015 3.87489 14.0
3.91015 3.87489 14.0
3.91015 3.87489 14.0
3.91015 3.87489 14.0
-15.241 2.58275 -1.09e-06
-15.241 2.58275 -1.09e-06
-15.241 2.58275 -1.09e-06
-15.241 2.58275 -1.09e-06
-14.929 4.02499 3.018e-05
-14.929 4.02499 3.018e-05
-14.929 4.02499 3.018e-05
-14.929 4.02499 3.018e-05
3.95665 -3.84696 14.0003
3.95665 -3.84696 14.0003
3.95665 -3.84696 14.0003
3.95665 -3.84696 14.0003
-12.1673 -1.47367 6.14178
-12.1673 -1.47367 6.14178
-12.1673 -1.47367 6.14178
-12.1673 -1.47367 6.14178
-12.1673 -1.47367 6.14178
-2.9337 -4.66451 14.0001
-2.9337 -4.66451 14.0001
-2.9337 -4.66451 14.0001
-2.9337 -4.66451 14.0001
-13.1625 -6.87992 -5.273e-05
-13.1625 -6.87992 -5.273e-05
-13.1625 -6.87992 -5.273e-05
-13.1625 -6.87992 -5.273e-05
-13.1625 -6.87992 -5.273e-05
-11.4761 -4.19663 6.01784
-11.4761 -4.19663 6.01784
-11.4761 -4.19663 6.01784
-11.4761 -4.19663 6.01784
-11.4761 -4.19663 6.01784
-11.4761 -4.19663 6.01784
-0.122674 -9.46137 -0.00324928
-0.122674 -9.46137 -0.00324928
-0.122674 -9.46137 -0.00324928
-0.122674 -9.46137 -0.00324928
-0.122674 -9.46137 -0.00324928
-0.122674 -9.46137 -0.00324928
-0.122674 -9.46137 -0.00324928
-0.122674 -9.46137 -0.00324928
-14.8808 -4.20547 -7.22e-06
-14.8808 -4.20547 -7.22e-06
-14.8808 -4.20547 -7.22e-06
-14.8808 -4.20547 -7.22e-06
0.485769 5.49582 14.0
0.485769 5.49582 14.0
0.485769 5.49582 14.0
2.76805 -4.76799 14.0
2.76805 -4.76799 14.0
2.76805 -4.76799 14.0
2.76805 -4.76799 14.0
0.678171 -7.35316 8.09757
0.678171 -7.35316 8.09757
0.678171 -7.35316 8.09757
0.678171 -7.35316 8.09757
0.678171 -7.35316 8.09757
0.678171 -7.35316 8.09757
0.0349224 -5.50819 14.0
0.0349224 -5.50819 14.0
0.0349224 -5.50819 14.0
0.0349224 -5.50819 14.0
0.0349224 -5.50819 14.0
-12.2615 0.563594 6.11487
-12.2615 0.563594 6.11487
-12.2615 0.563594 6.11487
-12.2615 0.563594 6.11487
-12.2615 0.563594 6.11487
-12.2615 0.563594 6.11487
-13.0951 -6.81401 0.766805
-13.0951 -6.81401 0.766805
-13.0951 -6.81401 0.766805
-5.28838 -1.5585 14.0
-5.28838 -1.5585 14.0
-5.28838 -1.5585 14.0
-5.28838 -1.5585 14.0
-5.28838 -1.5585 14.0
-12.2711 -0.614431 6.0957
-12.2711 -0.614431 6.0957
-12.2711 -0.614431 6.0957
-12.2711 -0.614431 6.0957
-12.2711 -0.614431 6.0957
-12.2711 -0.614431 6.0957
-12.9159 6.86836 0.744486
-12.9159 6.86836 0.744486
-12.9159 6.86836 0.744486
-12.9159 6.86836 0.744486
-12.9159 6.86836 0.744486
-12.9159 6.86836 0.744486
-3.76956 -4.01377 14.0
-3.76956 -4.01377 14.0
-3.76956 -4.01377 14.0
-11.3238 4.47149 5.96848
-11.3238 4.47149 5.96848
-11.3238 4.47149 5.96848
-11.3238 4.47149 5.96848
-11.3238 4.47149 5.96848
-11.3238 4.47149 5.96848
-11.9414 2.87903 6.11397
-11.9414 2.87903 6.11397
-11.9414 2.87903 6.11397
-11.9414 2.87903 6.11397
-11.9414 2.87903 6.11397
0.31716 9.33497 0.863144
0.31716 9.33497 0.863144
0.31716 9.33497 0.863144
0.31716 9.33497 0.863144
0.31716 9.33497 0.863144
0.31716 9.33497 0.863144
-13.583 6.63151 8.338e-05
-13.583 6.63151 8.338e-05
-13.583 6.63151 8.338e-05
-13.583 6.63151 8.338e-05
6.19449 -3.59785 0.118116
6.19449 -3.59785 0.118116
6.19449 -3.59785 0.118116
7.10809 0.844602 0.133993
7.10809 0.844602 0.133993
7.10809 0.844602 0.133993
7.10809 0.844602 0.133993
6.73593 -2.45271 0.127621
6.73593 -2.45271 0.127621
6.73593 -2.45271 0.127621
6.73593 -2.45271 0.127621
5.43353 -4.69489 0.104792
5.43353 -4.69489 0.104792
5.43353 -4.69489 0.104792
5.43353 -4.69489 0.104792
5.43353 -4.69489 0.104792
5.43353 -4.69489 0.104792
-15.2725 -1.37992 0.819143
-15.2725 -1.37992 0.819143
-15.2725 -1.37992 0.819143
-15.2725 -1.37992 0.819143
-15.2725 -1.37992 0.819143
-15.2725 -1.37992 0.819143
-13.6293 6.46171 0.756638
-13.6293 6.46171 0.756638
-13.6293 6.46171 0.756638
-13.6293 6.46171 0.756638
-13.6293 6.46171 0.756638
-13.6293 6.46171 0.756638
-14.2117 5.55469 0.762839
-14.2117 5.55469 0.762839
-14.2117 5.55469 0.762839
-14.2117 5.55469 0.762839
-14.2117 5.55469 0.762839
-14.2117 5.55469 0.762839
-14.2117 5.55469 0.762839
0.777804 -9.10717 0.846191
0.777804 -9.10717 0.846191
0.777804 -9.10717 0.846191
0.777804 -9.10717 0.846191
0.777804 -9.10717 0.846191
0.777804 -9.10717 0.846191
-15.2949 1.00689 0.821985
-15.2949 1.00689 0.821985
-15.2949 1.00689 0.821985
-15.2949 1.00689 0.821985
-15.2949 1.00689 0.821985
-0.051723 9.46704 -0.00064258
-0.051723 9.46704 -0.00064258
-0.051723 9.46704 -0.00064258
-0.051723 9.46704 -0.00064258
-0.051723 9.46704 -0.00064258
-0.051723 9.46704 -0.00064258
-0.051723 9.46704 -0.00064258
-0.051723 9.46704 -0.00064258
5.48547 0.447165 14.0
5.48547 0.447165 14.0
5.48547 0.447165 14.0
5.48547 0.447165 14.0
5.09475 2.07886 14.0
5.09475 2.07886 14.0
5.09475 2.07886 14.0
5.09475 2.07886 14.0
-2.31112 -7.59725 6.89683
-2.31112 -7.59725 6.89683
-2.31112 -7.59725 6.89683
-2.31112 -7.59725 6.89683
-15.202 2.17804 0.810954
-15.202 2.17804 0.810954
-15.202 2.17804 0.810954
-15.202 2.17804 0.810954
-15.202 2.17804 0.810954
-15.202 2.17804 0.810954
5.35544 1.28185 14.0
5.35544 1.28185 14.0
5.35544 1.28185 14.0
5.35544 1.28185 14.0
-4.64371 -2.99037 14.0
-4.64371 -2.99037 14.0
-4.64371 -2.99037 14.0
-4.64371 -2.99037 14.0
-4.64371 -2.99037 14.0
-13.3699 6.69321 0.741502
-13.3699 6.69321 0.741502
-13.3699 6.69321 0.741502
-13.3699 6.69321 0.741502
-13.3699 6.69321 0.741502
-13.3699 6.69321 0.741502
-13.3699 6.69321 0.741502
-15.1587 -2.48333 0.804774
-15.1587 -2.48333 0.804774
-15.1587 -2.48333 0.804774
-15.1587 -2.48333 0.804774
-15.1587 -2.48333 0.804774
-11.1235 -4.74773 5.90551
-11.1235 -4.74773 5.90551
-11.1235 -4.74773 5.90551
-11.1235 -4.74773 5.90551
-11.1235 -4.74773 5.90551
-11.1235 -4.74773 5.90551
0.648893 7.35192 8.108
0.648893 7.35192 8.108
0.648893 7.35192 8.108
0.648893 7.35192 8.108
0.648893 7.35192 8.108
0.648893 7.35192 8.108
-6.58985 -7.65477 5.89793
-6.58985 -7.65477 5.89793
-6.58985 -7.65477 5.89793
-6.58985 -7.65477 5.89793
-6.58985 -7.65477 5.89793
-6.58985 -7.65477 5.89793
-6.58985 -7.65477 5.89793
5.25783 4.8771 0.101755
5.25783 4.8771 0.101755
5.25783 4.8771 0.101755
5.25783 4.8771 0.101755
5.25783 4.8771 0.101755
5.25783 4.8771 0.101755
5.859 4.12413 0.112268
5.859 4.12413 0.112268
5.859 4.12413 0.112268
-0.886536 5.43586 14.0002
-0.886536 5.43586 14.0002
-0.886536 5.43586 14.0002
-0.886536 5.43586 14.0002
-0.886536 5.43586 14.0002
-15.2578 -2.48176 1.684e-05
-15.2578 -2.48176 1.684e-05
-15.2578 -2.48176 1.684e-05
-15.2578 -2.48176 1.684e-05
-15.2578 -2.48176 1.684e-05
-1.89172 -5.1755 14.0
-1.89172 -5.1755 14.0
-1.89172 -5.1755 14.0
-1.89172 -5.1755 14.0
-14.1842 -5.59592 0.761703
-14.1842 -5.59592 0.761703
-14.1842 -5.59592 0.761703
-14.1842 -5.59592 0.761703
-14.9634 3.55816 0.786878
-14.9634 3.55816 0.786878
-14.9634 3.55816 0.786878
-14.9634 3.55816 0.786878
-14.9634 3.55816 0.786878
-14.5377 5.08924 -1.279e-05
-14.5377 5.08924 -1.279e-05
-14.5377 5.08924 -1.279e-05
-14.5377 5.08924 -1.279e-05
7.1567 -0.127396 0.13494
7.1567 -0.127396 0.13494
7.1567 -0.127396 0.13494
7.1567 -0.127396 0.13494
0.906588 -7.3708 7.85962
0.906588 -7.3708 7.85962
0.906588 -7.3708 7.85962
0.906588 -7.3708 7.85962
0.906588 -7.3708 7.85962
-13.6305 -6.59457 3.264e-05
-13.6305 -6.59457 3.264e-05
-13.6305 -6.59457 3.264e-05
-13.6305 -6.59457 3.264e-05
7.06646 -1.15626 0.133336
7.06646 -1.15626 0.133336
7.06646 -1.15626 0.133336
7.06646 -1.15626 0.133336
-11.7233 3.5881 6.0957
-11.7233 3.5881 6.0957
-11.7233 3.5881 6.0957
-11.7233 3.5881 6.0957
-11.7233 3.5881 6.0957
-11.8609 -3.105 6.134
-11.8609 -3.105 6.134
-11.8609 -3.105 6.134
-11.8609 -3.105 6.134
-15.3841 1.05757 0.0
-15.3841 1.05757 0.0
-15.3841 1.05757 0.0
-15.3841 1.05757 0.0
-4.00853 3.78337 14.0
-4.00853 3.78337 14.0
-4.00853 3.78337 14.0
-4.00853 3.78337 14.0
