854
-4.52128 3.14492 6.34568
-4.52128 3.14492 6.34568
-4.52128 3.14492 6.34568
-4.52128 3.14492 6.34568
-4.52128 3.14492 6.34568
-4.52128 3.14492 6.34568
-4.65312 2.3048 8.22049
-4.65312 2.3048 8.22049
-4.65312 2.3048 8.22049
-4.65312 2.3048 8.22049
-4.65312 2.3048 8.22049
-4.65312 2.3048 8.22049
-4.65312 2.3048 8.22049
2.60309 0.970153 12.2739
2.60309 0.970153 12.2739
2.60309 0.970153 12.2739
2.60309 0.970153 12.2739
2.60309 0.970153 12.2739
2.60309 0.970153 12.2739
-2.36907 2.15258 12.0405
-2.36907 2.15258 12.0405
-2.36907 2.15258 12.0405
-2.36907 2.15258 12.0405
-2.36907 2.15258 12.0405
-2.36907 2.15258 12.0405
-2.36907 2.15258 12.0405
-2.36907 2.15258 12.0405
-5.14251 1.32731 7.47568
-5.14251 1.32731 7.47568
-5.14251 1.32731 7.47568
-5.14251 1.32731 7.47568
-5.14251 1.32731 7.47568
-5.14251 1.32731 7.47568
-4.30603 -12.3826 -3.43229
-4.30603 -12.3826 -3.43229
-4.30603 -12.3826 -3.43229
-4.30603 -12.3826 -3.43229
-4.30603 -12.3826 -3.43229
2.12053 -12.6588 -5.08097
2.12053 -12.6588 -5.08097
2.12053 -12.6588 -5.08097
2.12053 -12.6588 -5.08097
2.12053 -12.6588 -5.08097
2.12053 -12.6588 -5.08097
-3.2079 2.57153 11.3308
-3.2079 2.57153 11.3308
-3.2079 2.57153 11.3308
-3.2079 2.57153 11.3308
-3.2079 2.57153 11.3308
4.7601 2.80333 0.0489744
4.7601 2.80333 0.0489744
4.7601 2.80333 0.0489744
4.7601 2.80333 0.0489744
4.7601 2.80333 0.0489744
4.7601 2.80333 0.0489744
2.98218 -0.866372 12.0929
2.98218 -0.866372 12.0929
2.98218 -0.866372 12.0929
2.98218 -0.866372 12.0929
2.98218 -0.866372 12.0929
3.90762 3.87882 0.0497352
3.90762 3.87882 0.0497352
3.90762 3.87882 0.0497352
3.90762 3.87882 0.0497352
3.90762 3.87882 0.0497352
3.90762 3.87882 0.0497352
-5.11798 2.05574 0.0498796
-5.11798 2.05574 0.0498796
-5.11798 2.05574 0.0498796
-5.11798 2.05574 0.0498796
-5.11798 2.05574 0.0498796
-5.11798 2.05574 0.0498796
-4.27638 0.539408 11.1331
-4.27638 0.539408 11.1331
-4.27638 0.539408 11.1331
-4.27638 0.539408 11.1331
-4.27638 0.539408 11.1331
-4.27638 0.539408 11.1331
-4.27638 0.539408 11.1331
5.34314 -19.4 1.3614
5.34314 -19.4 1.3614
5.34314 -19.4 1.3614
5.34314 -19.4 1.3614
5.34314 -19.4 1.3614
2.18367 -19.4 5.06868
2.18367 -19.4 5.06868
2.18367 -19.4 5.06868
2.18367 -19.4 5.06868
-3.11617 3.43971 10.7352
-3.11617 3.43971 10.7352
-3.11617 3.43971 10.7352
-3.11617 3.43971 10.7352
-3.11617 3.43971 10.7352
3.73247 -19.4 -4.05746
3.73247 -19.4 -4.05746
3.73247 -19.4 -4.05746
3.73247 -19.4 -4.05746
1.18591 -0.831063 12.7792
1.18591 -0.831063 12.7792
1.18591 -0.831063 12.7792
1.18591 -0.831063 12.7792
1.18591 -0.831063 12.7792
1.18591 -0.831063 12.7792
-5.48289 0.642324 0.0591963
-5.48289 0.642324 0.0591963
-5.48289 0.642324 0.0591963
-5.48289 0.642324 0.0591963
-5.48289 0.642324 0.0591963
-5.48289 0.642324 0.0591963
-5.48289 0.642324 0.0591963
-5.48289 0.642324 0.0591963
-5.48289 0.642324 0.0591963
2.77535 2.52894 11.6309
2.77535 2.52894 11.6309
2.77535 2.52894 11.6309
2.77535 2.52894 11.6309
2.77535 2.52894 11.6309
-4.39361 -1.17967 10.8632
-4.39361 -1.17967 10.8632
-4.39361 -1.17967 10.8632
-4.39361 -1.17967 10.8632
-4.39361 -1.17967 10.8632
-0.855073 5.09026 8.45959
-0.855073 5.09026 8.45959
-0.855073 5.09026 8.45959
-0.855073 5.09026 8.45959
-0.855073 5.09026 8.45959
-0.855073 5.09026 8.45959
-0.343009 -12.5759 -5.48761
-0.343009 -12.5759 -5.48761
-0.343009 -12.5759 -5.48761
-0.343009 -12.5759 -5.48761
-0.343009 -12.5759 -5.48761
-0.343009 -12.5759 -5.48761
-0.343009 -12.5759 -5.48761
-3.66572 -1.521 11.4621
-3.66572 -1.521 11.4621
-3.66572 -1.521 11.4621
-3.66572 -1.521 11.4621
-3.66572 -1.521 11.4621
-3.66572 -1.521 11.4621
3.65812 2.85008 10.7512
3.65812 2.85008 10.7512
3.65812 2.85008 10.7512
3.65812 2.85008 10.7512
3.65812 2.85008 10.7512
3.65812 2.85008 10.7512
-0.348431 -1.67312 12.7099
-0.348431 -1.67312 12.7099
-0.348431 -1.67312 12.7099
-0.348431 -1.67312 12.7099
-0.348431 -1.67312 12.7099
-0.348431 -1.67312 12.7099
-2.08855 -0.0462331 12.582
-2.08855 -0.0462331 12.582
-2.08855 -0.0462331 12.582
-2.08855 -0.0462331 12.582
-2.08855 -0.0462331 12.582
-2.08855 -0.0462331 12.582
-1.38711 -12.6413 -5.33398
-1.38711 -12.6413 -5.33398
-1.38711 -12.6413 -5.33398
-1.38711 -12.6413 -5.33398
-1.38711 -12.6413 -5.33398
-1.38711 -12.6413 -5.33398
-3.87607 1.66246 11.2248
-3.87607 1.66246 11.2248
-3.87607 1.66246 11.2248
-3.87607 1.66246 11.2248
-3.87607 1.66246 11.2248
-3.87607 1.66246 11.2248
-3.62039 0.731356 11.6785
-3.62039 0.731356 11.6785
-3.62039 0.731356 11.6785
-3.62039 0.731356 11.6785
-3.62039 0.731356 11.6785
1.90505 -1.72288 12.3856
1.90505 -1.72288 12.3856
1.90505 -1.72288 12.3856
1.90505 -1.72288 12.3856
1.90505 -1.72288 12.3856
1.90505 -1.72288 12.3856
1.90505 -1.72288 12.3856
-3.20994 4.49999 0.0508252
-3.20994 4.49999 0.0508252
-3.20994 4.49999 0.0508252
-3.20994 4.49999 0.0508252
-3.20994 4.49999 0.0508252
-3.20994 4.49999 0.0508252
1.6019 -19.4 -5.28808
1.6019 -19.4 -5.28808
1.6019 -19.4 -5.28808
1.6019 -19.4 -5.28808
-2.37602 -19.4 4.97122
-2.37602 -19.4 4.97122
-2.37602 -19.4 4.97122
-2.37602 -19.4 4.97122
-2.37602 -19.4 4.97122
3.69534 -19.4 4.1087
3.69534 -19.4 4.1087
3.69534 -19.4 4.1087
3.69534 -19.4 4.1087
3.69534 -19.4 4.1087
-5.34466 -11.8112 -1.31661
-5.34466 -11.8112 -1.31661
-5.34466 -11.8112 -1.31661
-5.34466 -11.8112 -1.31661
-1.4125 -0.95805 12.7168
-1.4125 -0.95805 12.7168
-1.4125 -0.95805 12.7168
-1.4125 -0.95805 12.7168
-1.4125 -0.95805 12.7168
-1.4125 -0.95805 12.7168
-1.4125 -0.95805 12.7168
3.63838 0.32781 11.7268
3.63838 0.32781 11.7268
3.63838 0.32781 11.7268
3.63838 0.32781 11.7268
3.63838 0.32781 11.7268
3.63838 0.32781 11.7268
3.63838 0.32781 11.7268
0.559829 -19.4 5.49029
0.559829 -19.4 5.49029
0.559829 -19.4 5.49029
0.559829 -19.4 5.49029
0.559829 -19.4 5.49029
0.874197 4.56755 10.7309
0.874197 4.56755 10.7309
0.874197 4.56755 10.7309
0.874197 4.56755 10.7309
0.874197 4.56755 10.7309
0.874197 4.56755 10.7309
0.874197 4.56755 10.7309
3.31091 1.37207 11.7691
3.31091 1.37207 11.7691
3.31091 1.37207 11.7691
3.31091 1.37207 11.7691
3.31091 1.37207 11.7691
3.31091 1.37207 11.7691
-5.00141 -12.1697 -2.32611
-5.00141 -12.1697 -2.32611
-5.00141 -12.1697 -2.32611
-5.00141 -12.1697 -2.32611
-5.00141 -12.1697 -2.32611
-4.39629 3.32954 0.0489695
-4.39629 3.32954 0.0489695
-4.39629 3.32954 0.0489695
-4.39629 3.32954 0.0489695
-4.39629 3.32954 0.0489695
-4.39629 3.32954 0.0489695
2.85992 4.7274 0.0499651
2.85992 4.7274 0.0499651
2.85992 4.7274 0.0499651
2.85992 4.7274 0.0499651
2.85992 4.7274 0.0499651
2.85992 4.7274 0.0499651
2.85992 4.7274 0.0499651
-3.13528 -0.896166 11.9999
-3.13528 -0.896166 11.9999
-3.13528 -0.896166 11.9999
-3.13528 -0.896166 11.9999
-3.13528 -0.896166 11.9999
-3.13528 -0.896166 11.9999
-3.13187 4.09526 8.39825
-3.13187 4.09526 8.39825
-3.13187 4.09526 8.39825
-3.13187 4.09526 8.39825
-3.13187 4.09526 8.39825
0.0309921 2.35193 12.4821
0.0309921 2.35193 12.4821
0.0309921 2.35193 12.4821
0.0309921 2.35193 12.4821
0.0309921 2.35193 12.4821
0.0309921 2.35193 12.4821
-5.51534 -19.401 0.510135
-5.51534 -19.401 0.510135
-5.51534 -19.401 0.510135
-5.51534 -19.401 0.510135
-5.51534 -19.401 0.510135
-5.51534 -19.401 0.510135
4.86098 1.01519 9.33213
4.86098 1.01519 9.33213
4.86098 1.01519 9.33213
4.86098 1.01519 9.33213
4.86098 1.01519 9.33213
-2.55566 0.795001 12.3264
-2.55566 0.795001 12.3264
-2.55566 0.795001 12.3264
-2.55566 0.795001 12.3264
-2.55566 0.795001 12.3264
-0.434828 1.71063 12.6883
-0.434828 1.71063 12.6883
-0.434828 1.71063 12.6883
-0.434828 1.71063 12.6883
-0.434828 1.71063 12.6883
0.261172 0.856949 12.8877
0.261172 0.856949 12.8877
0.261172 0.856949 12.8877
0.261172 0.856949 12.8877
0.261172 0.856949 12.8877
-1.79118 5.21237 0.0504139
-1.79118 5.21237 0.0504139
-1.79118 5.21237 0.0504139
-1.79118 5.21237 0.0504139
-1.79118 5.21237 0.0504139
-2.66734 3.24841 11.2352
-2.66734 3.24841 11.2352
-2.66734 3.24841 11.2352
-2.66734 3.24841 11.2352
-2.66734 3.24841 11.2352
-2.66734 3.24841 11.2352
-2.66734 3.24841 11.2352
-0.276387 4.6319 10.7409
-0.276387 4.6319 10.7409
-0.276387 4.6319 10.7409
-0.276387 4.6319 10.7409
-0.276387 4.6319 10.7409
-0.276387 4.6319 10.7409
5.41351 0.944441 6.28215
5.41351 0.944441 6.28215
5.41351 0.944441 6.28215
5.41351 0.944441 6.28215
5.41351 0.944441 6.28215
5.41351 0.944441 6.28215
-4.62521 0.699219 10.6752
-4.62521 0.699219 10.6752
-4.62521 0.699219 10.6752
-4.62521 0.699219 10.6752
-4.62521 0.699219 10.6752
-1.00452 -0.110755 12.8719
-1.00452 -0.110755 12.8719
-1.00452 -0.110755 12.8719
-1.00452 -0.110755 12.8719
-1.00452 -0.110755 12.8719
-1.00452 -0.110755 12.8719
-0.00427424 -19.4 -5.50966
-0.00427424 -19.4 -5.50966
-0.00427424 -19.4 -5.50966
-0.00427424 -19.4 -5.50966
3.79164 -1.47356 11.3617
3.79164 -1.47356 11.3617
3.79164 -1.47356 11.3617
3.79164 -1.47356 11.3617
-0.952703 3.76232 11.5319
-0.952703 3.76232 11.5319
-0.952703 3.76232 11.5319
-0.952703 3.76232 11.5319
-0.952703 3.76232 11.5319
-0.952703 3.76232 11.5319
0.337921 5.50079 6.44398
0.337921 5.50079 6.44398
0.337921 5.50079 6.44398
0.337921 5.50079 6.44398
0.337921 5.50079 6.44398
0.337921 5.50079 6.44398
4.94481 1.7366 7.90175
4.94481 1.7366 7.90175
4.94481 1.7366 7.90175
4.94481 1.7366 7.90175
4.94481 1.7366 7.90175
-3.02799 0.225558 12.1284
-3.02799 0.225558 12.1284
-3.02799 0.225558 12.1284
-3.02799 0.225558 12.1284
-3.02799 0.225558 12.1284
-3.02799 0.225558 12.1284
-4.66703 -19.4 -2.94255
-4.66703 -19.4 -2.94255
-4.66703 -19.4 -2.94255
-4.66703 -19.4 -2.94255
4.24678 1.87545 10.7658
4.24678 1.87545 10.7658
4.24678 1.87545 10.7658
4.24678 1.87545 10.7658
4.24678 1.87545 10.7658
4.24678 1.87545 10.7658
4.24678 1.87545 10.7658
4.84134 -12.3261 -2.6532
4.84134 -12.3261 -2.6532
4.84134 -12.3261 -2.6532
4.84134 -12.3261 -2.6532
4.84134 -12.3261 -2.6532
2.49062 3.13688 11.4376
2.49062 3.13688 11.4376
2.49062 3.13688 11.4376
2.49062 3.13688 11.4376
2.49062 3.13688 11.4376
2.49062 3.13688 11.4376
2.49062 3.13688 11.4376
-3.23034 1.5809 11.76
-3.23034 1.5809 11.76
-3.23034 1.5809 11.76
-3.23034 1.5809 11.76
-3.23034 1.5809 11.76
-3.23034 1.5809 11.76
-3.74757 2.75452 10.7331
-3.74757 2.75452 10.7331
-3.74757 2.75452 10.7331
-3.74757 2.75452 10.7331
-3.74757 2.75452 10.7331
-3.74757 2.75452 10.7331
-3.74757 2.75452 10.7331
0.294327 4.04966 11.3812
0.294327 4.04966 11.3812
0.294327 4.04966 11.3812
0.294327 4.04966 11.3812
0.294327 4.04966 11.3812
0.294327 4.04966 11.3812
-5.18832 -19.4 -1.83946
-5.18832 -19.4 -1.83946
-5.18832 -19.4 -1.83946
-5.18832 -19.4 -1.83946
-5.12272 2.03715 6.27504
-5.12272 2.03715 6.27504
-5.12272 2.03715 6.27504
-5.12272 2.03715 6.27504
-5.12272 2.03715 6.27504
-5.12272 2.03715 6.27504
2.40752 -0.408641 12.45
2.40752 -0.408641 12.45
2.40752 -0.408641 12.45
2.40752 -0.408641 12.45
2.40752 -0.408641 12.45
2.40752 -0.408641 12.45
-0.582199 4.30587 11.0978
-0.582199 4.30587 11.0978
-0.582199 4.30587 11.0978
-0.582199 4.30587 11.0978
-0.582199 4.30587 11.0978
-2.14171 5.09056 6.45642
-2.14171 5.09056 6.45642
-2.14171 5.09056 6.45642
-2.14171 5.09056 6.45642
-2.14171 5.09056 6.45642
-2.14171 5.09056 6.45642
-2.14171 5.09056 6.45642
3.99461 -12.4494 -3.79263
3.99461 -12.4494 -3.79263
3.99461 -12.4494 -3.79263
3.99461 -12.4494 -3.79263
3.99461 -12.4494 -3.79263
-2.76795 -12.6212 -4.76675
-2.76795 -12.6212 -4.76675
-2.76795 -12.6212 -4.76675
-2.76795 -12.6212 -4.76675
-2.76795 -12.6212 -4.76675
4.59354 0.673847 10.7678
4.59354 0.673847 10.7678
4.59354 0.673847 10.7678
4.59354 0.673847 10.7678
4.59354 0.673847 10.7678
4.59354 0.673847 10.7678
4.59354 0.673847 10.7678
-4.62278 -0.365254 10.7627
-4.62278 -0.365254 10.7627
-4.62278 -0.365254 10.7627
-4.62278 -0.365254 10.7627
-4.62278 -0.365254 10.7627
-4.62278 -0.365254 10.7627
-4.62278 -0.365254 10.7627
1.14522 -12.6129 -5.37865
1.14522 -12.6129 -5.37865
1.14522 -12.6129 -5.37865
1.14522 -12.6129 -5.37865
1.14522 -12.6129 -5.37865
2.6041 3.8696 10.6945
2.6041 3.8696 10.6945
2.6041 3.8696 10.6945
2.6041 3.8696 10.6945
2.6041 3.8696 10.6945
2.6041 3.8696 10.6945
2.6041 3.8696 10.6945
-3.6151 4.16476 6.44805
-3.6151 4.16476 6.44805
-3.6151 4.16476 6.44805
-3.6151 4.16476 6.44805
-3.6151 4.16476 6.44805
-3.6151 4.16476 6.44805
-3.6151 4.16476 6.44805
5.17594 -19.4 -1.90919
5.17594 -19.4 -1.90919
5.17594 -19.4 -1.90919
5.17594 -19.4 -1.90919
-1.50385 1.13995 12.6577
-1.50385 1.13995 12.6577
-1.50385 1.13995 12.6577
-1.50385 1.13995 12.6577
-1.50385 1.13995 12.6577
-1.50385 1.13995 12.6577
-1.50385 1.13995 12.6577
3.93956 1.56438 11.198
3.93956 1.56438 11.198
3.93956 1.56438 11.198
3.93956 1.56438 11.198
3.93956 1.56438 11.198
5.02436 2.26741 6.32384
5.02436 2.26741 6.32384
5.02436 2.26741 6.32384
5.02436 2.26741 6.32384
5.02436 2.26741 6.32384
5.02436 2.26741 6.32384
2.42468 1.9117 12.0984
2.42468 1.9117 12.0984
2.42468 1.9117 12.0984
2.42468 1.9117 12.0984
2.42468 1.9117 12.0984
2.00004 4.67444 8.81052
2.00004 4.67444 8.81052
2.00004 4.67444 8.81052
2.00004 4.67444 8.81052
2.00004 4.67444 8.81052
2.00004 4.67444 8.81052
1.69924 2.87418 11.9516
1.69924 2.87418 11.9516
1.69924 2.87418 11.9516
1.69924 2.87418 11.9516
1.69924 2.87418 11.9516
1.69924 2.87418 11.9516
1.69924 2.87418 11.9516
-0.776943 5.45048 6.45032
-0.776943 5.45048 6.45032
-0.776943 5.45048 6.45032
-0.776943 5.45048 6.45032
-0.776943 5.45048 6.45032
-0.776943 5.45048 6.45032
5.49849 0.179704 6.00771
5.49849 0.179704 6.00771
5.49849 0.179704 6.00771
5.49849 0.179704 6.00771
5.49849 0.179704 6.00771
4.46073 -1.17334 10.7859
4.46073 -1.17334 10.7859
4.46073 -1.17334 10.7859
4.46073 -1.17334 10.7859
4.46073 -1.17334 10.7859
-0.688605 0.774291 12.8603
-0.688605 0.774291 12.8603
-0.688605 0.774291 12.8603
-0.688605 0.774291 12.8603
-0.688605 0.774291 12.8603
0.196963 5.12017 8.66911
0.196963 5.12017 8.66911
0.196963 5.12017 8.66911
0.196963 5.12017 8.66911
0.196963 5.12017 8.66911
0.196963 5.12017 8.66911
3.1051 -12.6082 -4.55013
3.1051 -12.6082 -4.55013
3.1051 -12.6082 -4.55013
3.1051 -12.6082 -4.55013
3.1051 -12.6082 -4.55013
3.1051 -12.6082 -4.55013
-1.7877 4.26078 10.7975
-1.7877 4.26078 10.7975
-1.7877 4.26078 10.7975
-1.7877 4.26078 10.7975
-1.7877 4.26078 10.7975
-1.7877 4.26078 10.7975
-1.7877 4.26078 10.7975
5.49358 -19.4003 -0.50002
5.49358 -19.4003 -0.50002
5.49358 -19.4003 -0.50002
5.49358 -19.4003 -0.50002
5.49358 -19.4003 -0.50002
0.312588 3.25689 11.9968
0.312588 3.25689 11.9968
0.312588 3.25689 11.9968
0.312588 3.25689 11.9968
0.312588 3.25689 11.9968
0.312588 3.25689 11.9968
0.312588 3.25689 11.9968
0.0751583 -0.741707 12.9075
0.0751583 -0.741707 12.9075
0.0751583 -0.741707 12.9075
0.0751583 -0.741707 12.9075
0.0751583 -0.741707 12.9075
0.0751583 -0.741707 12.9075
4.62819 -0.300058 10.7483
4.62819 -0.300058 10.7483
4.62819 -0.300058 10.7483
4.62819 -0.300058 10.7483
4.62819 -0.300058 10.7483
4.62819 -0.300058 10.7483
-1.29757 -19.4 -5.35885
-1.29757 -19.4 -5.35885
-1.29757 -19.4 -5.35885
-1.29757 -19.4 -5.35885
-1.44221 1.99306 12.4302
-1.44221 1.99306 12.4302
-1.44221 1.99306 12.4302
-1.44221 1.99306 12.4302
-4.87421 -19.3999 2.59655
-4.87421 -19.3999 2.59655
-4.87421 -19.3999 2.59655
-4.87421 -19.3999 2.59655
-3.74301 -19.4 4.06659
-3.74301 -19.4 4.06659
-3.74301 -19.4 4.06659
-3.74301 -19.4 4.06659
-2.54664 -1.61975 12.1439
-2.54664 -1.61975 12.1439
-2.54664 -1.61975 12.1439
-2.54664 -1.61975 12.1439
-2.54664 -1.61975 12.1439
-4.40648 1.54429 10.713
-4.40648 1.54429 10.713
-4.40648 1.54429 10.713
-4.40648 1.54429 10.713
-4.40648 1.54429 10.713
2.82936 -19.4 -4.72499
2.82936 -19.4 -4.72499
2.82936 -19.4 -4.72499
2.82936 -19.4 -4.72499
-2.44552 3.94989 10.7471
-2.44552 3.94989 10.7471
-2.44552 3.94989 10.7471
-2.44552 3.94989 10.7471
-2.44552 3.94989 10.7471
-5.4916 0.463229 6.10593
-5.4916 0.463229 6.10593
-5.4916 0.463229 6.10593
-5.4916 0.463229 6.10593
-5.4916 0.463229 6.10593
1.3564 5.3444 0.0497281
1.3564 5.3444 0.0497281
1.3564 5.3444 0.0497281
1.3564 5.3444 0.0497281
1.3564 5.3444 0.0497281
5.3404 -11.8713 -1.35225
5.3404 -11.8713 -1.35225
5.3404 -11.8713 -1.35225
5.3404 -11.8713 -1.35225
0.351193 -12.558 -5.4882
0.351193 -12.558 -5.4882
0.351193 -12.558 -5.4882
0.351193 -12.558 -5.4882
0.351193 -12.558 -5.4882
0.351193 -12.558 -5.4882
-1.52371 -1.71926 12.5084
-1.52371 -1.71926 12.5084
-1.52371 -1.71926 12.5084
-1.52371 -1.71926 12.5084
-1.52371 -1.71926 12.5084
1.96621 4.20999 10.7295
1.96621 4.20999 10.7295
1.96621 4.20999 10.7295
1.96621 4.20999 10.7295
1.96621 4.20999 10.7295
2.04365 3.72159 11.1937
2.04365 3.72159 11.1937
2.04365 3.72159 11.1937
2.04365 3.72159 11.1937
2.04365 3.72159 11.1937
4.77805 -19.4 2.74755
4.77805 -19.4 2.74755
4.77805 -19.4 2.74755
4.77805 -19.4 2.74755
4.58178 -19.4 -3.05876
4.58178 -19.4 -3.05876
4.58178 -19.4 -3.05876
4.58178 -19.4 -3.05876
3.17282 3.40296 10.7127
3.17282 3.40296 10.7127
3.17282 3.40296 10.7127
3.17282 3.40296 10.7127
3.17282 3.40296 10.7127
-2.67486 -19.4 -4.82902
-2.67486 -19.4 -4.82902
-2.67486 -19.4 -4.82902
-2.67486 -19.4 -4.82902
-2.67486 -19.4 -4.82902
-1.17918 2.86979 12.0959
-1.17918 2.86979 12.0959
-1.17918 2.86979 12.0959
-1.17918 2.86979 12.0959
-1.17918 2.86979 12.0959
-1.17918 2.86979 12.0959
0.626452 -1.82407 12.6383
0.626452 -1.82407 12.6383
0.626452 -1.82407 12.6383
0.626452 -1.82407 12.6383
0.626452 -1.82407 12.6383
-0.246019 5.522 0.0492765
-0.246019 5.522 0.0492765
-0.246019 5.522 0.0492765
-0.246019 5.522 0.0492765
-0.246019 5.522 0.0492765
-0.246019 5.522 0.0492765
-1.71561 3.23609 11.7111
-1.71561 3.23609 11.7111
-1.71561 3.23609 11.7111
-1.71561 3.23609 11.7111
-1.71561 3.23609 11.7111
-3.95945 3.33466 8.31425
-3.95945 3.33466 8.31425
-3.95945 3.33466 8.31425
-3.95945 3.33466 8.31425
-3.95945 3.33466 8.31425
-3.95945 3.33466 8.31425
5.47799 0.875545 0.0695036
5.47799 0.875545 0.0695036
5.47799 0.875545 0.0695036
5.47799 0.875545 0.0695036
5.47799 0.875545 0.0695036
5.47799 0.875545 0.0695036
5.47799 0.875545 0.0695036
5.47799 0.875545 0.0695036
5.47799 0.875545 0.0695036
1.14487 5.00631 8.56468
1.14487 5.00631 8.56468
1.14487 5.00631 8.56468
1.14487 5.00631 8.56468
1.14487 5.00631 8.56468
-2.5218 4.48655 8.47447
-2.5218 4.48655 8.47447
-2.5218 4.48655 8.47447
-2.5218 4.48655 8.47447
-2.5218 4.48655 8.47447
3.41516 2.24739 11.3524
3.41516 2.24739 11.3524
3.41516 2.24739 11.3524
3.41516 2.24739 11.3524
3.41516 2.24739 11.3524
3.41516 2.24739 11.3524
3.64876 4.11348 6.55198
3.64876 4.11348 6.55198
3.64876 4.11348 6.55198
3.64876 4.11348 6.55198
3.64876 4.11348 6.55198
3.64876 4.11348 6.55198
3.64876 4.11348 6.55198
1.203 3.94531 11.315
1.203 3.94531 11.315
1.203 3.94531 11.315
1.203 3.94531 11.315
1.203 3.94531 11.315
1.203 3.94531 11.315
1.6094 5.27631 6.41438
1.6094 5.27631 6.41438
1.6094 5.27631 6.41438
1.6094 5.27631 6.41438
1.6094 5.27631 6.41438
1.6094 5.27631 6.41438
-5.17812 0.221134 8.17068
-5.17812 0.221134 8.17068
-5.17812 0.221134 8.17068
-5.17812 0.221134 8.17068
-5.17812 0.221134 8.17068
-5.45204 -19.4 -0.818656
-5.45204 -19.4 -0.818656
-5.45204 -19.4 -0.818656
-5.45204 -19.4 -0.818656
3.99564 3.25702 8.4039
3.99564 3.25702 8.4039
3.99564 3.25702 8.4039
3.99564 3.25702 8.4039
3.99564 3.25702 8.4039
-3.58292 -12.5777 -4.18274
-3.58292 -12.5777 -4.18274
-3.58292 -12.5777 -4.18274
-3.58292 -12.5777 -4.18274
-3.58292 -12.5777 -4.18274
-3.58292 -12.5777 -4.18274
-1.0578 -19.4 5.4149
-1.0578 -19.4 5.4149
-1.0578 -19.4 5.4149
-1.0578 -19.4 5.4149
0.397345 0.0518457 12.9489
0.397345 0.0518457 12.9489
0.397345 0.0518457 12.9489
0.397345 0.0518457 12.9489
0.397345 0.0518457 12.9489
0.397345 0.0518457 12.9489
0.397345 0.0518457 12.9489
2.87201 4.70227 6.47734
2.87201 4.70227 6.47734
2.87201 4.70227 6.47734
2.87201 4.70227 6.47734
2.87201 4.70227 6.47734
1.37665 2.04527 12.4378
1.37665 2.04527 12.4378
1.37665 2.04527 12.4378
1.37665 2.04527 12.4378
1.37665 2.04527 12.4378
1.37665 2.04527 12.4378
1.37665 2.04527 12.4378
5.17857 0.163012 8.15724
5.17857 0.163012 8.15724
5.17857 0.163012 8.15724
5.17857 0.163012 8.15724
5.17857 0.163012 8.15724
5.17857 0.163012 8.15724
4.45974 3.22464 6.39897
4.45974 3.22464 6.39897
4.45974 3.22464 6.39897
4.45974 3.22464 6.39897
4.45974 3.22464 6.39897
4.45974 3.22464 6.39897
-4.25322 1.8274 10.7673
-4.25322 1.8274 10.7673
-4.25322 1.8274 10.7673
-4.25322 1.8274 10.7673
-4.25322 1.8274 10.7673
3.92982 -0.592915 11.4605
3.92982 -0.592915 11.4605
3.92982 -0.592915 11.4605
3.92982 -0.592915 11.4605
3.92982 -0.592915 11.4605
3.92982 -0.592915 11.4605
3.92982 -0.592915 11.4605
4.38507 2.39595 9.18484
4.38507 2.39595 9.18484
4.38507 2.39595 9.18484
4.38507 2.39595 9.18484
4.38507 2.39595 9.18484
4.38507 2.39595 9.18484
1.76171 0.425055 12.6807
1.76171 0.425055 12.6807
1.76171 0.425055 12.6807
1.76171 0.425055 12.6807
1.76171 0.425055 12.6807
1.76171 0.425055 12.6807
-3.81205 -19.4 -3.97839
-3.81205 -19.4 -3.97839
-3.81205 -19.4 -3.97839
-3.81205 -19.4 -3.97839
-3.74517 -0.313331 11.6357
-3.74517 -0.313331 11.6357
-3.74517 -0.313331 11.6357
-3.74517 -0.313331 11.6357
-3.74517 -0.313331 11.6357
-3.74517 -0.313331 11.6357
-3.74517 -0.313331 11.6357
-1.97877 4.74677 8.51107
-1.97877 4.74677 8.51107
-1.97877 4.74677 8.51107
-1.97877 4.74677 8.51107
-1.97877 4.74677 8.51107
3.07019 -1.60908 11.8495
3.07019 -1.60908 11.8495
3.07019 -1.60908 11.8495
3.07019 -1.60908 11.8495
3.07019 -1.60908 11.8495
3.07019 -1.60908 11.8495
0.901678 1.26839 12.7561
0.901678 1.26839 12.7561
0.901678 1.26839 12.7561
0.901678 1.26839 12.7561
0.901678 1.26839 12.7561
-1.30229 4.48056 10.7063
-1.30229 4.48056 10.7063
-1.30229 4.48056 10.7063
-1.30229 4.48056 10.7063
-1.30229 4.48056 10.7063
