143
11.3856 7.0434 -1.6021000000000019
12.987400000000001 -5.1199 -1.432199999999999
12.987400000000001 -5.1199 -1.432199999999999
9.621 -5.1223 4.3315
9.621 -5.1223 4.3315
-4.8004999999999995 -0.31640000000000046 -1.4747000000000001
-4.8004999999999995 -0.31640000000000046 -1.4747000000000001
12.138 6.3099 1.5204999999999982
-2.4988 -4.1242 -1.474399999999999
-2.4988 -4.1242 -1.474399999999999
-2.4988 -4.1242 -1.474399999999999
8.852500000000001 7.675800000000001 2.7980999999999985
-3.7619000000000002 -2.8323 2.8484
-3.7619000000000002 -2.8323 2.8484
4.3446 -1.7818999999999985 5.5119
-4.4623 -1.642499999999999 2.8378000000000005
-4.4623 -1.642499999999999 2.8378000000000005
-4.3919 -1.9758999999999998 -1.474499999999999
-4.3919 -1.9758999999999998 -1.474499999999999
12.3994 -5.1197 2.545800000000002
12.3994 -5.1197 2.545800000000002
5.5642 7.9453 1.2234999999999983
6.2339 7.7814 2.407799999999998
8.2371 7.267200000000001 -3.6209000000000016
8.2371 7.267200000000001 -3.6209000000000016
-2.2397 -1.1883999999999992 5.1059
-2.2397 -1.1883999999999992 5.1059
4.0446 1.8833000000000018 5.5529
10.3422 4.211 -3.8909000000000016
11.0567 6.7759 2.6950999999999983
11.0567 6.7759 2.6950999999999983
-4.0368 1.493000000000001 3.5457
12.436800000000002 4.8727 -1.8195000000000008
8.4025 -5.1216 4.4033999999999995
8.4025 -5.1216 4.4033999999999995
8.4025 -5.1216 4.4033999999999995
11.762500000000001 5.9065 -2.4898000000000016
12.626499999999998 5.8419 -0.02450000000000143
-3.9733 -1.068599999999999 3.7406
-4.6709 0.7900000000000009 2.8002999999999996
-4.6709 0.7900000000000009 2.8002999999999996
1.5051000000000003 2.408500000000002 5.6206
13.142100000000001 2.1853000000000002 0.6248999999999996
-3.4979000000000005 3.1425 2.8510000000000004
5.3597 -5.1187000000000005 -3.1058999999999988
8.683100000000001 7.675400000000001 -2.905100000000002
9.5384 7.0337000000000005 -3.567200000000002
9.5384 7.0337000000000005 -3.567200000000002
-0.74 -2.372399999999998 5.4148000000000005
-0.74 -2.372399999999998 5.4148000000000005
-0.74 -2.372399999999998 5.4148000000000005
11.2193 -5.1199 3.719200000000002
11.2193 -5.1199 3.719200000000002
11.392100000000001 1.9367000000000008 3.5382
9.713 -5.12 -4.3143
9.713 -5.12 -4.3143
-4.6934 1.0732 -1.4834
-4.6934 1.0732 -1.4834
-1.807 3.471100000000002 4.0549
-1.5126 2.0082000000000018 5.2653
-1.5126 2.0082000000000018 5.2653
12.5861 2.0175 -2.2236
10.243700000000002 6.8088 3.3797999999999986
10.243700000000002 6.8088 3.3797999999999986
7.4318 7.4768 3.391899999999998
8.2446 -5.138800000000002 -4.3985
8.2446 -5.138800000000002 -4.3985
8.2446 -5.138800000000002 -4.3985
9.959800000000001 4.8589 3.9291999999999985
6.5655 8.1334 1.3334999999999981
11.7111 2.0645000000000002 -3.2890000000000006
12.9079 4.5296 -0.663200000000001
5.776000000000001 8.1278 0.035399999999998
-2.7616000000000005 2.1411000000000016 4.3835
11.8857 5.2366 2.657799999999998
-1.0917 -4.7107 -1.4280999999999993
-1.0917 -4.7107 -1.4280999999999993
10.01 7.5228 -2.3901000000000017
12.1453 1.8448000000000009 2.8662
5.9885 8.0214 -1.5544000000000018
10.0013 7.5251 2.412299999999998
-2.3699000000000003 0.7574000000000013 5.0651
-2.3699000000000003 0.7574000000000013 5.0651
6.7158 8.1681 -0.7441000000000022
-4.0367 2.6331 -1.4752000000000007
-4.0367 2.6331 -1.4752000000000007
-3.5119000000000002 -3.3151 -1.4811999999999992
-3.5119000000000002 -3.3151 -1.4811999999999992
-3.5869 0.566900000000001 4.2117
-2.0125 -4.3108 2.121100000000002
9.0083 7.152200000000001 3.613399999999998
9.0083 7.152200000000001 3.613399999999998
10.868400000000001 7.408399999999999 -1.1412000000000018
12.024500000000002 6.629700000000001 -0.6879000000000017
11.8023 6.8405 0.8845999999999982
8.3335 2.0391999999999983 -4.3403
-2.3225 3.9427 3.126399999999998
-0.9168000000000001 -4.6587000000000005 2.1677000000000017
10.9808 4.6044 3.507699999999998
13.220799999999999 -5.1199 0.13500000000000123
13.220799999999999 -5.1199 0.13500000000000123
-4.6951 -0.14079999999999923 2.9663999999999997
-4.6951 -0.14079999999999923 2.9663999999999997
-3.1783 -2.537399999999998 3.875
-2.8926 3.8945 -1.4661000000000008
-2.8926 3.8945 -1.4661000000000008
-2.8926 3.8945 -1.4661000000000008
7.731399999999999 7.960800000000001 -2.3509000000000015
11.293899999999999 4.555 -3.3175000000000026
7.8251 7.950900000000001 2.4286999999999983
-2.5173 4.0277 2.2045999999999983
12.2347 -5.12 -2.7865999999999977
12.2347 -5.12 -2.7865999999999977
13.134799999999998 0.9396 -0.7998000000000004
-1.7132 -3.5456999999999983 4.0683
12.1277 6.3276 -1.5132000000000017
-4.3011 2.0195000000000003 2.7855000000000003
-4.3011 2.0195000000000003 2.7855000000000003
7.0077 7.6146 -3.0948000000000015
7.0077 7.6146 -3.0948000000000015
9.6678 1.4293999999999991 -4.3244
10.915800000000003 -5.1199 -3.8846999999999987
10.915800000000003 -5.1199 -3.8846999999999987
11.139800000000001 7.2297 1.5604999999999984
-1.4513 -4.2905999999999995 3.1953000000000022
-0.5127999999999999 2.4063000000000017 5.4418
-0.5127999999999999 2.4063000000000017 5.4418
12.933600000000002 -5.1197 1.563000000000001
12.933600000000002 -5.1197 1.563000000000001
-3.1454999999999997 2.9034 3.5793
10.3585 6.555999999999999 -3.3878000000000017
12.7329 1.7965000000000007 1.9310999999999998
1.5562 -2.403399999999998 5.6309
1.5562 -2.403399999999998 5.6309
10.949100000000001 1.0676999999999992 -3.8421999999999996
12.476400000000002 4.3403 1.9518999999999995
5.2828 -5.1189 3.1754000000000016
10.998 6.8092 -2.7204000000000015
10.3877 1.265900000000001 4.1045
12.011 4.2625 -2.735500000000002
8.6062 4.9497 -4.0907
-2.9993000000000003 -3.5958 2.9048000000000003
12.8215 4.9971000000000005 0.5705999999999987
