552
-3.07552 -0.373941 10.6804
-3.07552 -0.373941 10.6804
-3.07552 -0.373941 10.6804
-3.07552 -0.373941 10.6804
-3.07552 -0.373941 10.6804
-3.07552 -0.373941 10.6804
2.15296 -3.82743 9.6689
2.15296 -3.82743 9.6689
2.15296 -3.82743 9.6689
2.15296 -3.82743 9.6689
2.15296 -3.82743 9.6689
8.08736 3.91079 7.99789
8.08736 3.91079 7.99789
8.08736 3.91079 7.99789
8.08736 3.91079 7.99789
8.08736 3.91079 7.99789
8.08736 3.91079 7.99789
8.08736 3.91079 7.99789
-4.296 0.904092 9.68202
-4.296 0.904092 9.68202
-4.296 0.904092 9.68202
-4.296 0.904092 9.68202
-4.296 0.904092 9.68202
0.836649 -4.31501 9.66078
0.836649 -4.31501 9.66078
0.836649 -4.31501 9.66078
0.836649 -4.31501 9.66078
6.38133 5.58121 7.64422
6.38133 5.58121 7.64422
6.38133 5.58121 7.64422
6.38133 5.58121 7.64422
-2.85067 1.14344 10.6802
-2.85067 1.14344 10.6802
-2.85067 1.14344 10.6802
-2.85067 1.14344 10.6802
-2.85067 1.14344 10.6802
3.10869 -0.149676 10.6799
3.10869 -0.149676 10.6799
3.10869 -0.149676 10.6799
-3.64267 -3.95011 8.90788
-3.64267 -3.95011 8.90788
-3.64267 -3.95011 8.90788
-3.64267 -3.95011 8.90788
7.98357 3.86275 7.77566
7.98357 3.86275 7.77566
7.98357 3.86275 7.77566
7.98357 3.86275 7.77566
3.51786 7.94493 9.38294
3.51786 7.94493 9.38294
3.51786 7.94493 9.38294
3.51786 7.94493 9.38294
3.51786 7.94493 9.38294
3.51786 7.94493 9.38294
-1.46433 2.69626 10.6821
-1.46433 2.69626 10.6821
-1.46433 2.69626 10.6821
-1.46433 2.69626 10.6821
-2.74945 3.42045 9.67548
-2.74945 3.42045 9.67548
-2.74945 3.42045 9.67548
-2.74945 3.42045 9.67548
-2.74945 3.42045 9.67548
-2.74945 3.42045 9.67548
-2.74945 3.42045 9.67548
-2.74945 3.42045 9.67548
2.70708 -3.45396 9.67675
2.70708 -3.45396 9.67675
2.70708 -3.45396 9.67675
2.70708 -3.45396 9.67675
2.70708 -3.45396 9.67675
3.69353 7.89816 9.50286
3.69353 7.89816 9.50286
3.69353 7.89816 9.50286
3.69353 7.89816 9.50286
3.69353 7.89816 9.50286
1.37097 4.20134 5.20026
1.37097 4.20134 5.20026
1.37097 4.20134 5.20026
7.93278 3.70214 7.66471
7.93278 3.70214 7.66471
7.93278 3.70214 7.66471
7.93278 3.70214 7.66471
7.93278 3.70214 7.66471
7.93278 3.70214 7.66471
7.93278 3.70214 7.66471
7.93278 3.70214 7.66471
8.08787 3.73057 9.04427
8.08787 3.73057 9.04427
8.08787 3.73057 9.04427
8.08787 3.73057 9.04427
8.08787 3.73057 9.04427
4.05875 -1.72367 5.20401
4.05875 -1.72367 5.20401
4.05875 -1.72367 5.20401
4.05875 -1.72367 5.20401
4.05875 -1.72367 5.20401
3.11507 3.12147 5.19905
3.11507 3.12147 5.19905
3.11507 3.12147 5.19905
3.11507 3.12147 5.19905
3.11507 3.12147 5.19905
3.11507 3.12147 5.19905
3.11507 3.12147 5.19905
7.90707 3.50774 9.44921
7.90707 3.50774 9.44921
7.90707 3.50774 9.44921
7.90707 3.50774 9.44921
6.70451 5.62408 9.15286
6.70451 5.62408 9.15286
6.70451 5.62408 9.15286
6.70451 5.62408 9.15286
6.70451 5.62408 9.15286
4.37683 -0.346766 5.20004
4.37683 -0.346766 5.20004
4.37683 -0.346766 5.20004
-2.32013 3.74665 5.2086
-2.32013 3.74665 5.2086
-2.32013 3.74665 5.2086
-2.32013 3.74665 5.2086
-2.32013 3.74665 5.2086
-2.32013 3.74665 5.2086
-4.07117 -3.55045 8.47137
-4.07117 -3.55045 8.47137
-4.07117 -3.55045 8.47137
-4.07117 -3.55045 8.47137
-4.07117 -3.55045 8.47137
-4.07117 -3.55045 8.47137
-4.07117 -3.55045 8.47137
0.201319 -4.38276 9.68043
0.201319 -4.38276 9.68043
0.201319 -4.38276 9.68043
0.201319 -4.38276 9.68043
0.201319 -4.38276 9.68043
0.201319 -4.38276 9.68043
-4.32664 0.852551 5.20973
-4.32664 0.852551 5.20973
-4.32664 0.852551 5.20973
-4.32664 0.852551 5.20973
-3.96664 -3.6274 8.88324
-3.96664 -3.6274 8.88324
-3.96664 -3.6274 8.88324
-3.96664 -3.6274 8.88324
-3.96664 -3.6274 8.88324
-3.44728 2.75318 5.21082
-3.44728 2.75318 5.21082
-3.44728 2.75318 5.21082
-3.44728 2.75318 5.21082
0.688889 -2.99083 10.68
0.688889 -2.99083 10.68
0.688889 -2.99083 10.68
0.688889 -2.99083 10.68
0.688889 -2.99083 10.68
0.688889 -2.99083 10.68
-3.90051 -1.8734 9.75686
-3.90051 -1.8734 9.75686
-3.90051 -1.8734 9.75686
-3.90051 -1.8734 9.75686
-3.90051 -1.8734 9.75686
5.47645 6.79226 7.9098
5.47645 6.79226 7.9098
5.47645 6.79226 7.9098
5.47645 6.79226 7.9098
5.47645 6.79226 7.9098
-0.101813 -4.40296 5.2071
-0.101813 -4.40296 5.2071
-0.101813 -4.40296 5.2071
-0.101813 -4.40296 5.2071
-0.101813 -4.40296 5.2071
-0.101813 -4.40296 5.2071
-2.87566 3.33259 5.21097
-2.87566 3.33259 5.21097
-2.87566 3.33259 5.21097
-2.87566 3.33259 5.21097
3.99858 8.11873 8.57673
3.99858 8.11873 8.57673
3.99858 8.11873 8.57673
3.99858 8.11873 8.57673
3.99858 8.11873 8.57673
3.99858 8.11873 8.57673
7.7637 3.57091 9.59911
7.7637 3.57091 9.59911
7.7637 3.57091 9.59911
7.7637 3.57091 9.59911
7.7637 3.57091 9.59911
7.7637 3.57091 9.59911
7.7637 3.57091 9.59911
7.7637 3.57091 9.59911
3.52562 7.75292 9.6057
3.52562 7.75292 9.6057
3.52562 7.75292 9.6057
3.52562 7.75292 9.6057
3.52562 7.75292 9.6057
3.52562 7.75292 9.6057
3.52562 7.75292 9.6057
3.52562 7.75292 9.6057
2.44647 -1.85901 10.6837
2.44647 -1.85901 10.6837
2.44647 -1.85901 10.6837
2.44647 -1.85901 10.6837
2.44647 -1.85901 10.6837
2.44647 -1.85901 10.6837
6.23015 5.58765 9.58238
6.23015 5.58765 9.58238
6.23015 5.58765 9.58238
6.23015 5.58765 9.58238
6.23015 5.58765 9.58238
6.23015 5.58765 9.58238
-3.18756 3.01787 9.67075
-3.18756 3.01787 9.67075
-3.18756 3.01787 9.67075
-3.18756 3.01787 9.67075
-3.18756 3.01787 9.67075
-3.657 2.44655 9.65583
-3.657 2.44655 9.65583
-3.657 2.44655 9.65583
-3.657 2.44655 9.65583
-3.657 2.44655 9.65583
-3.657 2.44655 9.65583
7.26204 4.8678 9.31462
7.26204 4.8678 9.31462
7.26204 4.8678 9.31462
7.26204 4.8678 9.31462
7.26204 4.8678 9.31462
3.33841 -2.86517 9.66786
3.33841 -2.86517 9.66786
3.33841 -2.86517 9.66786
3.33841 -2.86517 9.66786
3.33841 -2.86517 9.66786
3.33841 -2.86517 9.66786
3.33841 -2.86517 9.66786
7.29745 4.7059 7.73064
7.29745 4.7059 7.73064
7.29745 4.7059 7.73064
7.29745 4.7059 7.73064
7.29745 4.7059 7.73064
7.29745 4.7059 7.73064
3.93553 8.10966 8.93722
3.93553 8.10966 8.93722
3.93553 8.10966 8.93722
3.93553 8.10966 8.93722
3.93553 8.10966 8.93722
4.57585 7.51361 7.84036
4.57585 7.51361 7.84036
4.57585 7.51361 7.84036
4.57585 7.51361 7.84036
4.57585 7.51361 7.84036
4.57585 7.51361 7.84036
3.75441 8.09632 8.9269
3.75441 8.09632 8.9269
3.75441 8.09632 8.9269
3.75441 8.09632 8.9269
3.75441 8.09632 8.9269
-1.32719 4.18746 5.20049
-1.32719 4.18746 5.20049
-1.32719 4.18746 5.20049
-1.32719 4.18746 5.20049
4.99377 6.97116 9.49036
4.99377 6.97116 9.49036
4.99377 6.97116 9.49036
4.99377 6.97116 9.49036
4.99377 6.97116 9.49036
4.99377 6.97116 9.49036
3.46353 -2.72282 5.21236
3.46353 -2.72282 5.21236
3.46353 -2.72282 5.21236
3.46353 -2.72282 5.21236
3.46353 -2.72282 5.21236
3.46353 -2.72282 5.21236
-0.294573 4.38203 5.20002
-0.294573 4.38203 5.20002
-0.294573 4.38203 5.20002
4.2535 1.20748 5.20025
4.2535 1.20748 5.20025
4.2535 1.20748 5.20025
5.47974 6.92776 8.2413
5.47974 6.92776 8.2413
5.47974 6.92776 8.2413
5.47974 6.92776 8.2413
5.47974 6.92776 8.2413
5.47974 6.92776 8.2413
-2.1465 -3.83734 5.20041
-2.1465 -3.83734 5.20041
-2.1465 -3.83734 5.20041
-2.1465 -3.83734 5.20041
-2.1465 -3.83734 5.20041
-2.1465 -3.83734 5.20041
-4.00378 1.84774 5.20948
-4.00378 1.84774 5.20948
-4.00378 1.84774 5.20948
-4.00378 1.84774 5.20948
-4.40346 -0.161988 5.20737
-4.40346 -0.161988 5.20737
-4.40346 -0.161988 5.20737
-4.40346 -0.161988 5.20737
-4.40346 -0.161988 5.20737
-2.99749 -3.21946 5.2039
-2.99749 -3.21946 5.2039
-2.99749 -3.21946 5.2039
-2.99749 -3.21946 5.2039
1.82619 -4.01269 5.21011
1.82619 -4.01269 5.21011
1.82619 -4.01269 5.21011
1.82619 -4.01269 5.21011
3.9656 8.1087 8.16278
3.9656 8.1087 8.16278
3.9656 8.1087 8.16278
3.9656 8.1087 8.16278
3.9656 8.1087 8.16278
-3.53104 -4.07374 8.46138
-3.53104 -4.07374 8.46138
-3.53104 -4.07374 8.46138
-3.53104 -4.07374 8.46138
-3.53104 -4.07374 8.46138
-3.53104 -4.07374 8.46138
-3.53104 -4.07374 8.46138
-3.53104 -4.07374 8.46138
-3.53104 -4.07374 8.46138
-3.53104 -4.07374 8.46138
3.7848 8.11307 8.25676
3.7848 8.11307 8.25676
3.7848 8.11307 8.25676
3.7848 8.11307 8.25676
3.7848 8.11307 8.25676
3.7848 8.11307 8.25676
7.7096 4.52156 8.21725
7.7096 4.52156 8.21725
7.7096 4.52156 8.21725
7.7096 4.52156 8.21725
7.7096 4.52156 8.21725
-0.0488742 3.08253 10.68
-0.0488742 3.08253 10.68
-0.0488742 3.08253 10.68
-0.0488742 3.08253 10.68
4.66949 7.54551 9.06014
4.66949 7.54551 9.06014
4.66949 7.54551 9.06014
4.66949 7.54551 9.06014
4.66949 7.54551 9.06014
4.66949 7.54551 9.06014
-1.17819 -4.24086 5.20547
-1.17819 -4.24086 5.20547
-1.17819 -4.24086 5.20547
8.13061 3.97235 8.58213
8.13061 3.97235 8.58213
8.13061 3.97235 8.58213
8.13061 3.97235 8.58213
8.13061 3.97235 8.58213
8.13061 3.97235 8.58213
0.851698 -4.32627 5.21053
0.851698 -4.32627 5.21053
0.851698 -4.32627 5.21053
0.851698 -4.32627 5.21053
0.851698 -4.32627 5.21053
0.851698 -4.32627 5.21053
3.81797 8.04771 9.28219
3.81797 8.04771 9.28219
3.81797 8.04771 9.28219
3.81797 8.04771 9.28219
3.81797 8.04771 9.28219
3.81797 8.04771 9.28219
3.89722 7.96419 9.36916
3.89722 7.96419 9.36916
3.89722 7.96419 9.36916
3.89722 7.96419 9.36916
3.89722 7.96419 9.36916
-0.527338 -3.03378 10.6803
-0.527338 -3.03378 10.6803
-0.527338 -3.03378 10.6803
-0.527338 -3.03378 10.6803
-0.527338 -3.03378 10.6803
-0.527338 -3.03378 10.6803
8.07951 3.66703 8.23241
8.07951 3.66703 8.23241
8.07951 3.66703 8.23241
8.07951 3.66703 8.23241
8.07951 3.66703 8.23241
8.07951 3.66703 8.23241
-1.99612 -3.87507 9.71672
-1.99612 -3.87507 9.71672
-1.99612 -3.87507 9.71672
-1.99612 -3.87507 9.71672
-1.99612 -3.87507 9.71672
7.97988 3.70609 9.41078
7.97988 3.70609 9.41078
7.97988 3.70609 9.41078
7.97988 3.70609 9.41078
7.97988 3.70609 9.41078
-4.33575 -0.663927 9.68222
-4.33575 -0.663927 9.68222
-4.33575 -0.663927 9.68222
-4.33575 -0.663927 9.68222
-4.33575 -0.663927 9.68222
-4.33575 -0.663927 9.68222
6.51406 5.91061 8.15885
6.51406 5.91061 8.15885
6.51406 5.91061 8.15885
6.51406 5.91061 8.15885
6.51406 5.91061 8.15885
6.51406 5.91061 8.15885
6.51406 5.91061 8.15885
-4.2725 -1.04429 5.20636
-4.2725 -1.04429 5.20636
-4.2725 -1.04429 5.20636
-4.2725 -1.04429 5.20636
8.03598 3.90829 9.25137
8.03598 3.90829 9.25137
8.03598 3.90829 9.25137
8.03598 3.90829 9.25137
8.03598 3.90829 9.25137
8.03598 3.90829 9.25137
6.43523 5.79626 7.83043
6.43523 5.79626 7.83043
6.43523 5.79626 7.83043
6.43523 5.79626 7.83043
6.43523 5.79626 7.83043
6.43523 5.79626 7.83043
-1.11965 -4.22988 9.69776
-1.11965 -4.22988 9.69776
-1.11965 -4.22988 9.69776
-1.11965 -4.22988 9.69776
-1.11965 -4.22988 9.69776
7.30595 5.03521 8.85561
7.30595 5.03521 8.85561
7.30595 5.03521 8.85561
7.30595 5.03521 8.85561
7.30595 5.03521 8.85561
7.30595 5.03521 8.85561
7.30595 5.03521 8.85561
7.42008 4.78683 7.96638
7.42008 4.78683 7.96638
7.42008 4.78683 7.96638
7.42008 4.78683 7.96638
7.42008 4.78683 7.96638
7.42008 4.78683 7.96638
-1.57064 -2.62497 10.6801
-1.57064 -2.62497 10.6801
-1.57064 -2.62497 10.6801
-1.57064 -2.62497 10.6801
2.20504 2.23625 10.6818
2.20504 2.23625 10.6818
2.20504 2.23625 10.6818
2.20504 2.23625 10.6818
2.20504 2.23625 10.6818
2.77464 -3.4283 5.2052
2.77464 -3.4283 5.2052
2.77464 -3.4283 5.2052
2.77464 -3.4283 5.2052
2.77464 -3.4283 5.2052
2.77464 -3.4283 5.2052
6.67821 5.40207 9.43867
6.67821 5.40207 9.43867
6.67821 5.40207 9.43867
6.67821 5.40207 9.43867
6.67821 5.40207 9.43867
6.67821 5.40207 9.43867
3.81517 8.04929 7.83622
3.81517 8.04929 7.83622
3.81517 8.04929 7.83622
3.81517 8.04929 7.83622
3.81517 8.04929 7.83622
1.59693 -2.61119 10.68
1.59693 -2.61119 10.68
1.59693 -2.61119 10.68
1.59693 -2.61119 10.68
1.59693 -2.61119 10.68
-2.38942 -1.93545 10.6802
-2.38942 -1.93545 10.6802
-2.38942 -1.93545 10.6802
-2.38942 -1.93545 10.6802
5.86818 6.56704 8.83482
5.86818 6.56704 8.83482
5.86818 6.56704 8.83482
5.86818 6.56704 8.83482
5.86818 6.56704 8.83482
5.86818 6.56704 8.83482
5.86818 6.56704 8.83482
1.49762 -4.12285 9.68407
1.49762 -4.12285 9.68407
1.49762 -4.12285 9.68407
1.49762 -4.12285 9.68407
1.49762 -4.12285 9.68407
1.49762 -4.12285 9.68407
3.69474 7.93806 7.66673
3.69474 7.93806 7.66673
3.69474 7.93806 7.66673
3.69474 7.93806 7.66673
3.69474 7.93806 7.66673
3.69474 7.93806 7.66673
3.69474 7.93806 7.66673
3.69474 7.93806 7.66673
3.69474 7.93806 7.66673
-3.78942 -3.79897 8.97263
-3.78942 -3.79897 8.97263
-3.78942 -3.79897 8.97263
-3.78942 -3.79897 8.97263
-3.78942 -3.79897 8.97263
-3.78942 -3.79897 8.97263
-3.78942 -3.79897 8.97263
-4.39038 0.241423 9.66491
-4.39038 0.241423 9.66491
-4.39038 0.241423 9.66491
-4.39038 0.241423 9.66491
-4.39038 0.241423 9.66491
8.00194 3.63091 7.81461
8.00194 3.63091 7.81461
8.00194 3.63091 7.81461
8.00194 3.63091 7.81461
8.00194 3.63091 7.81461
-2.25321 2.07093 10.68
-2.25321 2.07093 10.68
-2.25321 2.07093 10.68
-2.25321 2.07093 10.68
-2.25321 2.07093 10.68
-2.25321 2.07093 10.68
-3.70132 -2.3885 5.2071
-3.70132 -2.3885 5.2071
-3.70132 -2.3885 5.2071
-3.70132 -2.3885 5.2071
-4.00852 1.77375 9.69035
-4.00852 1.77375 9.69035
-4.00852 1.77375 9.69035
-4.00852 1.77375 9.69035
4.96748 6.97965 7.66427
4.96748 6.97965 7.66427
4.96748 6.97965 7.66427
4.96748 6.97965 7.66427
4.96748 6.97965 7.66427
4.96748 6.97965 7.66427
3.53473 7.98511 7.93869
3.53473 7.98511 7.93869
3.53473 7.98511 7.93869
3.53473 7.98511 7.93869
3.53473 7.98511 7.93869
3.53473 7.98511 7.93869
3.53473 7.98511 7.93869
7.89526 3.83088 9.47032
7.89526 3.83088 9.47032
7.89526 3.83088 9.47032
7.89526 3.83088 9.47032
7.89526 3.83088 9.47032
7.89526 3.83088 9.47032
-0.260754 -4.38519 9.66744
-0.260754 -4.38519 9.66744
-0.260754 -4.38519 9.66744
-0.260754 -4.38519 9.66744
-0.260754 -4.38519 9.66744
5.50827 6.74649 9.27697
5.50827 6.74649 9.27697
5.50827 6.74649 9.27697
5.50827 6.74649 9.27697
5.50827 6.74649 9.27697
5.50827 6.74649 9.27697
